 Lon(deg)   Lat(deg)   z(km)  DVp(%)  p(km/s) s(km/s)  VpVs   g/cm^3  P-ratio
  100.0000    5.2500   -2.00  -1.192    5.73    3.42  1.6755   2.661    0.24
  100.0000    5.0000   -2.00  -2.688    5.64    3.38  1.6715   2.645    0.24
  100.0000    4.7500   -2.00  -3.000    5.63    3.37  1.6707   2.641    0.24
  100.0000    4.5000   -2.00  -3.000    5.63    3.37  1.6707   2.641    0.24
  100.0000    4.2500   -2.00  -2.023    5.68    3.40  1.6732   2.652    0.24
  100.0000    4.0000   -2.00  -2.831    5.64    3.37  1.6711   2.643    0.24
  100.0000    3.0000   -2.00  -1.711    5.70    3.41  1.6741   2.656    0.24
  100.0000    2.7500   -2.00  -2.280    5.67    3.39  1.6725   2.649    0.24
  100.0000    2.5000   -2.00   0.557    5.83    3.47  1.6807   2.682    0.24
  100.0000    2.2500   -2.00  -1.850    5.69    3.40  1.6737   2.654    0.24
  100.0000    2.0000   -2.00  -3.000    5.63    3.37  1.6707   2.641    0.24
  100.0000    1.7500   -2.00  -3.000    5.63    3.37  1.6707   2.641    0.24
  100.0000    1.5000   -2.00   0.082    5.80    3.46  1.6793   2.676    0.24
  100.0000    1.2500   -2.00   3.000    5.97    3.54  1.6889   2.711    0.24
  100.0000    1.0000   -2.00  -0.000    5.80    3.45  1.6790   2.675    0.24
  100.5000    5.2500   -2.00  -0.824    5.75    3.43  1.6766   2.666    0.24
  100.5000    5.0000   -2.00  -0.162    5.79    3.45  1.6785   2.673    0.24
  100.7500    5.2500   -2.00  -0.378    5.78    3.44  1.6779   2.671    0.24
  100.7500    5.0000   -2.00  -0.078    5.80    3.45  1.6788   2.674    0.24
  100.7500    4.2500   -2.00  -0.144    5.79    3.45  1.6786   2.674    0.24
  101.0000    4.2500   -2.00  -1.026    5.74    3.43  1.6760   2.663    0.24
  101.2500    4.2500   -2.00  -0.009    5.80    3.45  1.6790   2.675    0.24
  101.5000    3.0000   -2.00  -0.707    5.76    3.43  1.6769   2.667    0.24
  101.7500    3.0000   -2.00  -0.591    5.77    3.44  1.6772   2.668    0.24
  103.0000    5.2500   -2.00  -0.278    5.78    3.45  1.6782   2.672    0.24
  103.2500    5.2500   -2.00  -0.234    5.79    3.45  1.6783   2.672    0.24
  103.2500    2.0000   -2.00  -1.522    5.71    3.41  1.6746   2.658    0.24
  103.2500    1.7500   -2.00   0.097    5.81    3.46  1.6793   2.676    0.24
  103.5000    2.0000   -2.00  -0.259    5.78    3.45  1.6782   2.672    0.24
  103.5000    1.7500   -2.00  -0.191    5.79    3.45  1.6784   2.673    0.24
  103.5000    1.5000   -2.00   0.261    5.82    3.46  1.6798   2.678    0.24
  103.5000    1.2500   -2.00   0.460    5.83    3.47  1.6804   2.681    0.24
  103.7500    1.7500   -2.00  -0.375    5.78    3.44  1.6779   2.671    0.24
  103.7500    1.5000   -2.00   1.215    5.87    3.49  1.6828   2.689    0.24
  103.7500    1.2500   -2.00   1.884    5.91    3.51  1.6850   2.697    0.24
  104.0000    1.7500   -2.00   0.326    5.82    3.46  1.6800   2.679    0.24
  104.0000    1.5000   -2.00   0.251    5.81    3.46  1.6798   2.678    0.24
  104.0000    1.2500   -2.00   0.608    5.84    3.47  1.6809   2.682    0.24
>
  100.0000    4.5000   -5.00  -3.000    5.63    3.37  1.6707   2.641    0.24
  100.0000    2.2500   -5.00  -0.243    5.79    3.45  1.6783   2.672    0.24
  100.0000    2.0000   -5.00  -0.000    5.80    3.45  1.6790   2.675    0.24
  100.0000    1.7500   -5.00   0.008    5.80    3.45  1.6790   2.675    0.24
  100.5000    5.2500   -5.00  -2.696    5.64    3.38  1.6715   2.645    0.24
  100.5000    5.0000   -5.00  -0.555    5.77    3.44  1.6773   2.669    0.24
  100.7500    5.2500   -5.00  -0.887    5.75    3.43  1.6764   2.665    0.24
  100.7500    5.0000   -5.00  -0.174    5.79    3.45  1.6785   2.673    0.24
  100.7500    4.2500   -5.00  -0.552    5.77    3.44  1.6774   2.669    0.24
  101.0000    4.2500   -5.00  -3.000    5.63    3.37  1.6707   2.641    0.24
  101.2500    4.2500   -5.00  -0.012    5.80    3.45  1.6790   2.675    0.24
  101.5000    3.0000   -5.00  -2.379    5.66    3.39  1.6723   2.648    0.24
  101.7500    3.0000   -5.00  -1.742    5.70    3.40  1.6740   2.655    0.24
  103.0000    5.2500   -5.00  -0.947    5.75    3.43  1.6762   2.664    0.24
  103.0000    2.0000   -5.00  -0.219    5.79    3.45  1.6784   2.673    0.24
  103.0000    1.7500   -5.00  -0.008    5.80    3.45  1.6790   2.675    0.24
  103.2500    5.2500   -5.00  -0.685    5.76    3.43  1.6770   2.667    0.24
  103.2500    2.0000   -5.00  -3.000    5.63    3.37  1.6707   2.641    0.24
  103.2500    1.7500   -5.00  -0.073    5.80    3.45  1.6788   2.674    0.24
  103.5000    2.0000   -5.00  -0.579    5.77    3.44  1.6773   2.668    0.24
  103.5000    1.7500   -5.00  -1.423    5.72    3.41  1.6749   2.659    0.24
  103.5000    1.5000   -5.00   0.483    5.83    3.47  1.6805   2.681    0.24
  103.5000    1.2500   -5.00   1.672    5.90    3.50  1.6843   2.695    0.24
  103.7500    1.7500   -5.00  -1.087    5.74    3.42  1.6758   2.663    0.24
  103.7500    1.5000   -5.00   3.000    5.97    3.54  1.6889   2.711    0.24
  103.7500    1.2500   -5.00   3.000    5.97    3.54  1.6889   2.711    0.24
  104.0000    1.7500   -5.00   0.930    5.85    3.48  1.6819   2.686    0.24
  104.0000    1.5000   -5.00   0.704    5.84    3.47  1.6812   2.683    0.24
  104.0000    1.2500   -5.00   1.683    5.90    3.50  1.6844   2.695    0.24
>
  100.0000    4.5000  -10.00   2.517    5.95    3.52  1.6872   2.705    0.24
  100.0000    4.2500  -10.00   0.076    5.80    3.46  1.6792   2.676    0.24
  100.0000    4.0000  -10.00  -0.197    5.79    3.45  1.6784   2.673    0.24
  100.0000    3.7500  -10.00  -0.169    5.79    3.45  1.6785   2.673    0.24
  100.0000    3.5000  -10.00  -0.471    5.77    3.44  1.6776   2.670    0.24
  100.0000    3.2500  -10.00  -2.036    5.68    3.40  1.6732   2.652    0.24
  100.0000    3.0000  -10.00   0.032    5.80    3.46  1.6791   2.676    0.24
  100.0000    2.7500  -10.00  -0.709    5.76    3.43  1.6769   2.667    0.24
  100.0000    2.5000  -10.00  -1.889    5.69    3.40  1.6736   2.654    0.24
  100.0000    2.2500  -10.00  -1.624    5.71    3.41  1.6743   2.657    0.24
  100.0000    2.0000  -10.00   0.656    5.84    3.47  1.6811   2.683    0.24
  100.0000    1.7500  -10.00  -2.193    5.67    3.39  1.6728   2.650    0.24
  100.0000    1.5000  -10.00  -3.000    5.63    3.37  1.6707   2.641    0.24
  100.0000    1.2500  -10.00   0.158    5.81    3.46  1.6795   2.677    0.24
  100.0000    1.0000  -10.00   1.109    5.86    3.49  1.6825   2.688    0.24
  100.5000    5.2500  -10.00  -3.000    5.63    3.37  1.6707   2.641    0.24
  100.5000    5.0000  -10.00  -1.050    5.74    3.42  1.6759   2.663    0.24
  100.7500    5.2500  -10.00  -0.319    5.78    3.45  1.6781   2.671    0.24
  100.7500    5.0000  -10.00   0.035    5.80    3.46  1.6791   2.676    0.24
  100.7500    4.2500  -10.00  -1.379    5.72    3.41  1.6750   2.659    0.24
  101.0000    4.2500  -10.00  -3.000    5.63    3.37  1.6707   2.641    0.24
  101.2500    4.2500  -10.00   0.014    5.80    3.45  1.6791   2.675    0.24
  101.5000    3.0000  -10.00  -3.000    5.63    3.37  1.6707   2.641    0.24
  101.7500    3.0000  -10.00  -1.659    5.70    3.41  1.6742   2.656    0.24
  103.0000    5.2500  -10.00  -1.419    5.72    3.41  1.6749   2.659    0.24
  103.0000    5.0000  -10.00  -0.015    5.80    3.45  1.6790   2.675    0.24
  103.0000    2.0000  -10.00  -0.851    5.75    3.43  1.6765   2.665    0.24
  103.0000    1.7500  -10.00  -0.024    5.80    3.45  1.6789   2.675    0.24
  103.2500    5.2500  -10.00  -0.628    5.76    3.44  1.6771   2.668    0.24
  103.2500    5.0000  -10.00  -0.012    5.80    3.45  1.6790   2.675    0.24
  103.2500    2.0000  -10.00  -3.000    5.63    3.37  1.6707   2.641    0.24
  103.2500    1.7500  -10.00  -0.200    5.79    3.45  1.6784   2.673    0.24
  103.5000    1.7500  -10.00  -2.085    5.68    3.39  1.6731   2.651    0.24
  103.5000    1.5000  -10.00   1.237    5.87    3.49  1.6829   2.690    0.24
  103.5000    1.2500  -10.00   2.605    5.95    3.53  1.6875   2.706    0.24
  103.7500    1.7500  -10.00  -0.650    5.76    3.44  1.6771   2.668    0.24
  103.7500    1.5000  -10.00   3.000    5.97    3.54  1.6889   2.711    0.24
  103.7500    1.2500  -10.00   3.000    5.97    3.54  1.6889   2.711    0.24
  104.0000    1.7500  -10.00   0.674    5.84    3.47  1.6811   2.683    0.24
  104.0000    1.5000  -10.00   0.357    5.82    3.46  1.6801   2.679    0.24
  104.0000    1.2500  -10.00   0.835    5.85    3.48  1.6816   2.685    0.24
>
  100.0000    5.2500  -15.00  -0.820    5.75    3.43  1.6766   2.666    0.24
  100.0000    4.5000  -15.00   0.575    5.83    3.47  1.6808   2.682    0.24
  100.0000    4.2500  -15.00   0.645    5.84    3.47  1.6810   2.683    0.24
  100.0000    4.0000  -15.00   0.521    5.83    3.47  1.6806   2.681    0.24
  100.0000    3.7500  -15.00  -0.919    5.75    3.43  1.6763   2.665    0.24
  100.0000    3.5000  -15.00   0.350    5.82    3.46  1.6801   2.679    0.24
  100.0000    3.2500  -15.00   1.561    5.89    3.50  1.6840   2.694    0.24
  100.0000    3.0000  -15.00   0.150    5.81    3.46  1.6795   2.677    0.24
  100.0000    2.0000  -15.00   0.275    5.82    3.46  1.6799   2.678    0.24
  100.0000    1.7500  -15.00   0.400    5.82    3.47  1.6802   2.680    0.24
  100.0000    1.5000  -15.00   1.177    5.87    3.49  1.6827   2.689    0.24
  100.0000    1.2500  -15.00  -0.129    5.79    3.45  1.6786   2.674    0.24
  100.0000    1.0000  -15.00   3.000    5.97    3.54  1.6889   2.711    0.24
  100.5000    5.2500  -15.00  -3.000    5.63    3.37  1.6707   2.641    0.24
  100.5000    5.0000  -15.00  -1.721    5.70    3.41  1.6740   2.656    0.24
  100.7500    5.2500  -15.00   0.323    5.82    3.46  1.6800   2.679    0.24
  100.7500    5.0000  -15.00   0.405    5.82    3.47  1.6803   2.680    0.24
  100.7500    4.2500  -15.00  -2.426    5.66    3.38  1.6722   2.648    0.24
  101.0000    4.2500  -15.00  -3.000    5.63    3.37  1.6707   2.641    0.24
  101.2500    4.2500  -15.00   0.015    5.80    3.45  1.6791   2.675    0.24
  101.2500    3.0000  -15.00  -0.018    5.80    3.45  1.6790   2.675    0.24
  101.5000    3.0000  -15.00  -3.000    5.63    3.37  1.6707   2.641    0.24
  101.5000    2.7500  -15.00  -0.078    5.80    3.45  1.6788   2.674    0.24
  101.7500    3.0000  -15.00  -1.069    5.74    3.42  1.6759   2.663    0.24
  101.7500    2.7500  -15.00  -0.024    5.80    3.45  1.6789   2.675    0.24
  103.0000    5.2500  -15.00  -1.649    5.70    3.41  1.6742   2.656    0.24
  103.0000    5.0000  -15.00  -0.145    5.79    3.45  1.6786   2.673    0.24
  103.0000    2.0000  -15.00  -1.962    5.69    3.40  1.6734   2.653    0.24
  103.0000    1.7500  -15.00  -0.092    5.79    3.45  1.6787   2.674    0.24
  103.2500    5.2500  -15.00  -0.361    5.78    3.44  1.6779   2.671    0.24
  103.2500    5.0000  -15.00  -0.048    5.80    3.45  1.6789   2.675    0.24
  103.2500    2.0000  -15.00  -3.000    5.63    3.37  1.6707   2.641    0.24
  103.2500    1.7500  -15.00  -0.290    5.78    3.45  1.6781   2.672    0.24
  103.5000    2.5000  -15.00  -0.146    5.79    3.45  1.6786   2.673    0.24
  103.5000    1.7500  -15.00  -2.582    5.65    3.38  1.6718   2.646    0.24
  103.5000    1.5000  -15.00   2.345    5.94    3.52  1.6866   2.703    0.24
  103.5000    1.2500  -15.00   3.000    5.97    3.54  1.6889   2.711    0.24
  103.5000    1.0000  -15.00   0.006    5.80    3.45  1.6790   2.675    0.24
  103.7500    1.7500  -15.00   0.011    5.80    3.45  1.6790   2.675    0.24
  103.7500    1.5000  -15.00   3.000    5.97    3.54  1.6889   2.711    0.24
  103.7500    1.2500  -15.00   3.000    5.97    3.54  1.6889   2.711    0.24
  103.7500    1.0000  -15.00   0.015    5.80    3.45  1.6791   2.675    0.24
  104.0000    1.7500  -15.00   0.377    5.82    3.47  1.6802   2.680    0.24
  104.0000    1.5000  -15.00   0.070    5.80    3.46  1.6792   2.676    0.24
  104.0000    1.2500  -15.00   0.167    5.81    3.46  1.6795   2.677    0.24
>
  100.0000    5.2500  -20.00  -3.000    6.31    3.69  1.7101   2.785    0.25
  100.0000    5.0000  -20.00  -2.984    6.31    3.69  1.7102   2.786    0.25
  100.0000    4.7500  -20.00  -3.000    6.31    3.69  1.7101   2.785    0.25
  100.0000    4.5000  -20.00  -2.129    6.36    3.71  1.7139   2.799    0.25
  100.0000    4.2500  -20.00   0.514    6.53    3.79  1.7251   2.842    0.25
  100.0000    4.0000  -20.00  -0.747    6.45    3.75  1.7198   2.821    0.25
  100.0000    3.7500  -20.00  -2.489    6.34    3.70  1.7123   2.793    0.25
  100.0000    3.5000  -20.00  -2.194    6.36    3.71  1.7136   2.798    0.25
  100.0000    3.2500  -20.00  -1.724    6.39    3.72  1.7156   2.805    0.25
  100.0000    3.0000  -20.00  -1.982    6.37    3.72  1.7145   2.801    0.25
  100.0000    2.7500  -20.00  -2.162    6.36    3.71  1.7137   2.798    0.25
  100.0000    2.5000  -20.00  -3.000    6.31    3.69  1.7101   2.785    0.25
  100.0000    2.2500  -20.00  -2.845    6.32    3.69  1.7108   2.788    0.25
  100.0000    2.0000  -20.00  -3.000    6.31    3.69  1.7101   2.785    0.25
  100.0000    1.7500  -20.00  -1.541    6.40    3.73  1.7164   2.808    0.25
  100.0000    1.5000  -20.00  -3.000    6.31    3.69  1.7101   2.785    0.25
  100.0000    1.2500  -20.00  -3.000    6.31    3.69  1.7101   2.785    0.25
  100.0000    1.0000  -20.00  -3.000    6.31    3.69  1.7101   2.785    0.25
  100.2500    5.2500  -20.00  -0.650    6.46    3.75  1.7202   2.822    0.25
  100.2500    5.0000  -20.00  -0.307    6.48    3.76  1.7217   2.828    0.25
  100.5000    5.2500  -20.00   1.541    6.60    3.82  1.7294   2.859    0.25
  100.5000    5.0000  -20.00   3.000    6.69    3.86  1.7352   2.883    0.26
  100.7500    5.2500  -20.00   3.000    6.69    3.86  1.7352   2.883    0.26
  100.7500    5.0000  -20.00   3.000    6.69    3.86  1.7352   2.883    0.26
  100.7500    4.7500  -20.00   0.553    6.54    3.79  1.7253   2.842    0.25
  100.7500    4.5000  -20.00   0.232    6.52    3.78  1.7240   2.837    0.25
  100.7500    4.2500  -20.00  -2.379    6.35    3.70  1.7128   2.795    0.25
  101.0000    4.5000  -20.00   1.664    6.61    3.82  1.7299   2.861    0.25
  101.0000    4.2500  -20.00   1.166    6.58    3.81  1.7278   2.852    0.25
  101.2500    4.2500  -20.00   0.319    6.52    3.78  1.7243   2.838    0.25
  101.2500    3.0000  -20.00   0.040    6.50    3.77  1.7231   2.834    0.25
  101.2500    2.7500  -20.00  -0.011    6.50    3.77  1.7229   2.833    0.25
  101.5000    3.0000  -20.00  -0.668    6.46    3.75  1.7201   2.822    0.25
  101.5000    2.7500  -20.00  -0.400    6.47    3.76  1.7213   2.827    0.25
  101.5000    1.0000  -20.00   2.921    6.69    3.86  1.7349   2.882    0.26
  101.7500    3.0000  -20.00  -0.526    6.47    3.76  1.7207   2.825    0.25
  101.7500    2.7500  -20.00  -0.111    6.49    3.77  1.7225   2.831    0.25
  101.7500    1.0000  -20.00  -0.224    6.49    3.77  1.7220   2.829    0.25
  102.2500    3.7500  -20.00  -2.080    6.36    3.71  1.7141   2.800    0.25
  102.5000    3.7500  -20.00  -0.955    6.44    3.75  1.7189   2.818    0.25
  102.7500    5.2500  -20.00   0.148    6.51    3.78  1.7236   2.835    0.25
  102.7500    5.0000  -20.00   0.024    6.50    3.77  1.7231   2.833    0.25
  103.0000    5.2500  -20.00   0.690    6.54    3.79  1.7259   2.844    0.25
  103.0000    5.0000  -20.00   0.096    6.51    3.78  1.7234   2.835    0.25
  103.0000    2.0000  -20.00  -3.000    6.31    3.69  1.7101   2.785    0.25
  103.0000    1.7500  -20.00   0.287    6.52    3.78  1.7242   2.838    0.25
  103.2500    5.0000  -20.00  -0.251    6.48    3.77  1.7219   2.829    0.25
  103.2500    2.0000  -20.00  -3.000    6.31    3.69  1.7101   2.785    0.25
  103.2500    1.7500  -20.00  -0.408    6.47    3.76  1.7212   2.826    0.25
  103.2500    1.5000  -20.00  -1.848    6.38    3.72  1.7151   2.803    0.25
  103.2500    1.2500  -20.00  -0.387    6.47    3.76  1.7213   2.827    0.25
  103.5000    2.5000  -20.00  -0.749    6.45    3.75  1.7198   2.821    0.25
  103.5000    1.7500  -20.00  -1.627    6.39    3.73  1.7160   2.807    0.25
  103.5000    1.5000  -20.00   0.377    6.52    3.78  1.7246   2.839    0.25
  103.5000    1.2500  -20.00   2.532    6.66    3.84  1.7333   2.875    0.25
  103.5000    1.0000  -20.00   0.138    6.51    3.78  1.7236   2.835    0.25
  103.7500    1.7500  -20.00   2.309    6.65    3.84  1.7325   2.872    0.25
  103.7500    1.5000  -20.00   0.145    6.51    3.78  1.7236   2.835    0.25
  103.7500    1.2500  -20.00   0.279    6.52    3.78  1.7241   2.838    0.25
  103.7500    1.0000  -20.00   0.809    6.55    3.80  1.7264   2.846    0.25
  104.0000    1.5000  -20.00  -0.143    6.49    3.77  1.7224   2.831    0.25
  104.0000    1.2500  -20.00   0.123    6.51    3.78  1.7235   2.835    0.25
  104.0000    1.0000  -20.00   0.065    6.50    3.77  1.7232   2.834    0.25
>
  100.0000    4.5000  -25.00   1.504    6.60    3.82  1.7292   2.858    0.25
  100.0000    4.2500  -25.00   0.857    6.56    3.80  1.7266   2.847    0.25
  100.0000    4.0000  -25.00   1.262    6.58    3.81  1.7282   2.854    0.25
  100.0000    3.7500  -25.00   0.995    6.56    3.80  1.7271   2.849    0.25
  100.0000    3.5000  -25.00  -0.142    6.49    3.77  1.7224   2.831    0.25
  100.0000    3.2500  -25.00  -0.506    6.47    3.76  1.7208   2.825    0.25
  100.0000    2.2500  -25.00  -1.272    6.42    3.74  1.7175   2.813    0.25
  100.0000    2.0000  -25.00  -2.910    6.31    3.69  1.7105   2.787    0.25
  100.0000    1.7500  -25.00  -3.000    6.31    3.69  1.7101   2.785    0.25
  100.0000    1.5000  -25.00  -3.000    6.31    3.69  1.7101   2.785    0.25
  100.0000    1.2500  -25.00  -2.435    6.34    3.70  1.7125   2.794    0.25
  100.0000    1.0000  -25.00  -0.265    6.48    3.77  1.7218   2.829    0.25
  100.2500    5.2500  -25.00  -0.668    6.46    3.75  1.7201   2.822    0.25
  100.2500    5.0000  -25.00  -0.679    6.46    3.75  1.7201   2.822    0.25
  100.5000    5.2500  -25.00  -2.741    6.32    3.69  1.7112   2.789    0.25
  100.5000    5.0000  -25.00  -3.000    6.31    3.69  1.7101   2.785    0.25
  100.5000    4.7500  -25.00  -0.235    6.48    3.77  1.7220   2.829    0.25
  100.5000    4.5000  -25.00  -0.040    6.50    3.77  1.7228   2.832    0.25
  100.5000    4.2500  -25.00  -0.048    6.50    3.77  1.7228   2.832    0.25
  100.7500    5.0000  -25.00   2.029    6.63    3.83  1.7313   2.867    0.25
  100.7500    4.7500  -25.00  -0.045    6.50    3.77  1.7228   2.832    0.25
  100.7500    4.5000  -25.00  -3.000    6.31    3.69  1.7101   2.785    0.25
  100.7500    4.2500  -25.00  -3.000    6.31    3.69  1.7101   2.785    0.25
  100.7500    4.0000  -25.00  -0.529    6.47    3.76  1.7207   2.824    0.25
  101.0000    4.5000  -25.00  -0.944    6.44    3.75  1.7190   2.818    0.25
  101.0000    4.2500  -25.00  -3.000    6.31    3.69  1.7101   2.785    0.25
  101.0000    4.0000  -25.00  -0.191    6.49    3.77  1.7222   2.830    0.25
  101.2500    4.2500  -25.00  -0.073    6.50    3.77  1.7227   2.832    0.25
  101.2500    4.0000  -25.00  -0.007    6.50    3.77  1.7229   2.833    0.25
  101.2500    3.0000  -25.00  -1.491    6.40    3.73  1.7166   2.809    0.25
  101.2500    2.7500  -25.00  -0.127    6.49    3.77  1.7224   2.831    0.25
  101.5000    3.0000  -25.00  -3.000    6.31    3.69  1.7101   2.785    0.25
  101.5000    2.7500  -25.00  -1.087    6.43    3.74  1.7183   2.815    0.25
  101.7500    3.0000  -25.00  -0.345    6.48    3.76  1.7215   2.827    0.25
  101.7500    2.7500  -25.00  -0.038    6.50    3.77  1.7228   2.832    0.25
  102.7500    5.0000  -25.00  -0.072    6.50    3.77  1.7227   2.832    0.25
  103.0000    5.0000  -25.00  -0.801    6.45    3.75  1.7196   2.820    0.25
  103.0000    2.0000  -25.00  -3.000    6.31    3.69  1.7101   2.785    0.25
  103.0000    1.7500  -25.00  -0.543    6.46    3.76  1.7207   2.824    0.25
  103.2500    5.0000  -25.00  -0.042    6.50    3.77  1.7228   2.832    0.25
  103.2500    2.0000  -25.00  -1.803    6.38    3.72  1.7153   2.804    0.25
  103.2500    1.7500  -25.00  -0.908    6.44    3.75  1.7191   2.818    0.25
  103.2500    1.5000  -25.00  -0.981    6.44    3.74  1.7188   2.817    0.25
  103.2500    1.2500  -25.00   0.750    6.55    3.79  1.7261   2.845    0.25
  103.2500    1.0000  -25.00   0.005    6.50    3.77  1.7230   2.833    0.25
  103.5000    1.7500  -25.00  -2.537    6.34    3.70  1.7121   2.793    0.25
  103.5000    1.5000  -25.00   3.000    6.69    3.86  1.7352   2.883    0.26
  103.5000    1.2500  -25.00   3.000    6.69    3.86  1.7352   2.883    0.26
  103.5000    1.0000  -25.00   0.353    6.52    3.78  1.7245   2.839    0.25
  103.7500    1.7500  -25.00   0.390    6.53    3.78  1.7246   2.839    0.25
  103.7500    1.5000  -25.00   2.338    6.65    3.84  1.7326   2.872    0.25
  103.7500    1.2500  -25.00   2.971    6.69    3.86  1.7351   2.883    0.26
  103.7500    1.0000  -25.00   0.240    6.52    3.78  1.7240   2.837    0.25
>
  100.0000    4.5000  -30.00   1.890    6.62    3.83  1.7308   2.865    0.25
  100.0000    4.2500  -30.00   0.534    6.53    3.79  1.7252   2.842    0.25
  100.0000    4.0000  -30.00   0.637    6.54    3.79  1.7256   2.844    0.25
  100.0000    3.2500  -30.00   0.298    6.52    3.78  1.7242   2.838    0.25
  100.0000    3.0000  -30.00   0.022    6.50    3.77  1.7231   2.833    0.25
  100.0000    2.7500  -30.00  -0.109    6.49    3.77  1.7225   2.831    0.25
  100.0000    2.5000  -30.00  -0.193    6.49    3.77  1.7222   2.830    0.25
  100.0000    2.2500  -30.00  -0.857    6.44    3.75  1.7193   2.819    0.25
  100.0000    2.0000  -30.00   1.428    6.59    3.81  1.7289   2.857    0.25
  100.0000    1.7500  -30.00   3.000    6.69    3.86  1.7352   2.883    0.26
  100.0000    1.5000  -30.00   1.079    6.57    3.80  1.7275   2.851    0.25
  100.0000    1.2500  -30.00   3.000    6.69    3.86  1.7352   2.883    0.26
  100.0000    1.0000  -30.00  -3.000    6.31    3.69  1.7101   2.785    0.25
  100.2500    5.2500  -30.00  -0.966    6.44    3.75  1.7189   2.817    0.25
  100.2500    5.0000  -30.00  -1.417    6.41    3.73  1.7169   2.810    0.25
  100.2500    4.7500  -30.00  -0.112    6.49    3.77  1.7225   2.831    0.25
  100.5000    5.2500  -30.00  -1.661    6.39    3.73  1.7159   2.806    0.25
  100.5000    5.0000  -30.00  -3.000    6.31    3.69  1.7101   2.785    0.25
  100.5000    4.7500  -30.00  -0.345    6.48    3.76  1.7215   2.827    0.25
  100.5000    4.5000  -30.00  -0.291    6.48    3.76  1.7217   2.828    0.25
  100.5000    4.2500  -30.00  -0.357    6.48    3.76  1.7215   2.827    0.25
  100.7500    5.0000  -30.00   2.425    6.66    3.84  1.7329   2.874    0.25
  100.7500    4.7500  -30.00   0.140    6.51    3.78  1.7236   2.835    0.25
  100.7500    4.5000  -30.00  -2.850    6.31    3.69  1.7107   2.788    0.25
  100.7500    4.2500  -30.00  -3.000    6.31    3.69  1.7101   2.785    0.25
  100.7500    4.0000  -30.00  -1.177    6.42    3.74  1.7180   2.814    0.25
  101.0000    4.5000  -30.00  -0.111    6.49    3.77  1.7225   2.831    0.25
  101.0000    4.2500  -30.00  -2.453    6.34    3.70  1.7125   2.794    0.25
  101.0000    4.0000  -30.00  -0.372    6.48    3.76  1.7214   2.827    0.25
  101.2500    4.0000  -30.00  -0.029    6.50    3.77  1.7228   2.833    0.25
  101.2500    3.0000  -30.00  -2.441    6.34    3.70  1.7125   2.794    0.25
  101.2500    2.7500  -30.00  -0.440    6.47    3.76  1.7211   2.826    0.25
  101.5000    3.0000  -30.00  -3.000    6.31    3.69  1.7101   2.785    0.25
  101.5000    2.7500  -30.00  -1.641    6.39    3.73  1.7160   2.807    0.25
  101.7500    2.7500  -30.00  -0.048    6.50    3.77  1.7228   2.832    0.25
  102.7500    5.0000  -30.00  -0.222    6.49    3.77  1.7220   2.829    0.25
  102.7500    2.0000  -30.00  -0.305    6.48    3.76  1.7217   2.828    0.25
  102.7500    1.7500  -30.00  -0.045    6.50    3.77  1.7228   2.832    0.25
  103.0000    5.0000  -30.00  -1.048    6.43    3.74  1.7185   2.816    0.25
  103.0000    2.0000  -30.00  -3.000    6.31    3.69  1.7101   2.785    0.25
  103.0000    1.7500  -30.00  -0.866    6.44    3.75  1.7193   2.819    0.25
  103.2500    5.0000  -30.00  -0.005    6.50    3.77  1.7230   2.833    0.25
  103.2500    2.0000  -30.00  -0.684    6.46    3.75  1.7201   2.822    0.25
  103.2500    1.7500  -30.00  -1.311    6.41    3.74  1.7174   2.812    0.25
  103.2500    1.5000  -30.00   0.147    6.51    3.78  1.7236   2.835    0.25
  103.2500    1.2500  -30.00   1.529    6.60    3.82  1.7293   2.858    0.25
  103.2500    1.0000  -30.00   0.040    6.50    3.77  1.7231   2.834    0.25
  103.5000    1.7500  -30.00  -2.599    6.33    3.70  1.7118   2.792    0.25
  103.5000    1.5000  -30.00   3.000    6.69    3.86  1.7352   2.883    0.26
  103.5000    1.2500  -30.00   3.000    6.69    3.86  1.7352   2.883    0.26
  103.5000    1.0000  -30.00   0.538    6.53    3.79  1.7252   2.842    0.25
  103.7500    1.7500  -30.00   0.378    6.52    3.78  1.7246   2.839    0.25
  103.7500    1.5000  -30.00   1.561    6.60    3.82  1.7295   2.859    0.25
  103.7500    1.2500  -30.00   1.817    6.62    3.82  1.7305   2.863    0.25
  103.7500    1.0000  -30.00   0.266    6.52    3.78  1.7241   2.837    0.25
>
  100.0000    5.2500  -35.00   0.655    8.09    4.69  1.7249   3.324    0.28
  100.0000    5.0000  -35.00   1.923    8.19    4.78  1.7129   3.361    0.28
  100.0000    4.7500  -35.00  -1.191    7.94    4.57  1.7391   3.271    0.28
  100.0000    4.5000  -35.00   2.293    8.22    4.81  1.7090   3.372    0.28
  100.0000    4.2500  -35.00   2.446    8.24    4.82  1.7073   3.377    0.28
  100.0000    4.0000  -35.00  -1.917    7.89    4.52  1.7436   3.251    0.28
  100.0000    3.7500  -35.00   1.047    8.12    4.72  1.7214   3.336    0.28
  100.0000    3.5000  -35.00   3.000    8.28    4.87  1.7011   3.393    0.28
  100.0000    3.2500  -35.00   3.000    8.28    4.87  1.7011   3.393    0.28
  100.0000    3.0000  -35.00  -0.802    7.98    4.59  1.7364   3.282    0.28
  100.0000    2.7500  -35.00   0.022    8.04    4.65  1.7302   3.306    0.28
  100.0000    2.5000  -35.00  -0.217    8.02    4.63  1.7321   3.299    0.28
  100.0000    2.2500  -35.00  -3.000    7.80    4.46  1.7492   3.221    0.27
  100.0000    2.0000  -35.00   3.000    8.28    4.87  1.7011   3.393    0.28
  100.0000    1.7500  -35.00   3.000    8.28    4.87  1.7011   3.393    0.28
  100.0000    1.5000  -35.00  -3.000    7.80    4.46  1.7492   3.221    0.27
  100.0000    1.2500  -35.00   0.089    8.05    4.65  1.7297   3.308    0.28
  100.0000    1.0000  -35.00  -1.277    7.94    4.56  1.7397   3.269    0.28
  100.2500    5.2500  -35.00  -3.000    7.80    4.46  1.7492   3.221    0.27
  100.2500    5.0000  -35.00  -3.000    7.80    4.46  1.7492   3.221    0.27
  100.2500    4.7500  -35.00  -3.000    7.80    4.46  1.7492   3.221    0.27
  100.2500    4.5000  -35.00   1.608    8.17    4.76  1.7160   3.352    0.28
  100.2500    4.2500  -35.00   0.855    8.11    4.71  1.7231   3.330    0.28
  100.2500    4.0000  -35.00   3.000    8.28    4.87  1.7011   3.393    0.28
  100.2500    3.7500  -35.00  -1.477    7.92    4.55  1.7409   3.263    0.28
  100.2500    3.5000  -35.00   1.583    8.17    4.76  1.7163   3.351    0.28
  100.2500    3.2500  -35.00   3.000    8.28    4.87  1.7011   3.393    0.28
  100.2500    3.0000  -35.00   3.000    8.28    4.87  1.7011   3.393    0.28
  100.2500    2.7500  -35.00   2.556    8.25    4.83  1.7061   3.380    0.28
  100.2500    2.5000  -35.00   3.000    8.28    4.87  1.7011   3.393    0.28
  100.2500    2.2500  -35.00   2.368    8.23    4.82  1.7082   3.374    0.28
  100.2500    2.0000  -35.00   1.233    8.14    4.73  1.7197   3.341    0.28
  100.2500    1.7500  -35.00   0.381    8.07    4.67  1.7273   3.316    0.28
  100.2500    1.5000  -35.00  -0.854    7.97    4.59  1.7368   3.281    0.28
  100.2500    1.2500  -35.00   3.000    8.28    4.87  1.7011   3.393    0.28
  100.2500    1.0000  -35.00   3.000    8.28    4.87  1.7011   3.393    0.28
  100.5000    5.2500  -35.00  -1.392    7.93    4.56  1.7404   3.266    0.28
  100.5000    5.0000  -35.00   3.000    8.28    4.87  1.7011   3.393    0.28
  100.5000    4.7500  -35.00   3.000    8.28    4.87  1.7011   3.393    0.28
  100.5000    4.5000  -35.00   3.000    8.28    4.87  1.7011   3.393    0.28
  100.5000    4.2500  -35.00  -0.611    7.99    4.61  1.7351   3.288    0.28
  100.5000    4.0000  -35.00  -3.000    7.80    4.46  1.7492   3.221    0.27
  100.5000    3.7500  -35.00   3.000    8.28    4.87  1.7011   3.393    0.28
  100.5000    3.5000  -35.00   3.000    8.28    4.87  1.7011   3.393    0.28
  100.5000    3.2500  -35.00   3.000    8.28    4.87  1.7011   3.393    0.28
  100.5000    3.0000  -35.00   3.000    8.28    4.87  1.7011   3.393    0.28
  100.5000    2.7500  -35.00   2.017    8.20    4.79  1.7119   3.364    0.28
  100.5000    2.5000  -35.00   3.000    8.28    4.87  1.7011   3.393    0.28
  100.5000    2.2500  -35.00  -1.069    7.95    4.58  1.7383   3.275    0.28
  100.5000    2.0000  -35.00   0.759    8.10    4.70  1.7240   3.327    0.28
  100.5000    1.7500  -35.00  -0.850    7.97    4.59  1.7368   3.281    0.28
  100.5000    1.5000  -35.00  -1.301    7.94    4.56  1.7398   3.268    0.28
  100.5000    1.2500  -35.00   3.000    8.28    4.87  1.7011   3.393    0.28
  100.5000    1.0000  -35.00   3.000    8.28    4.87  1.7011   3.393    0.28
  100.7500    5.0000  -35.00   3.000    8.28    4.87  1.7011   3.393    0.28
  100.7500    4.7500  -35.00   3.000    8.28    4.87  1.7011   3.393    0.28
  100.7500    4.5000  -35.00   1.555    8.16    4.76  1.7166   3.350    0.28
  100.7500    4.2500  -35.00  -3.000    7.80    4.46  1.7492   3.221    0.27
  100.7500    4.0000  -35.00  -3.000    7.80    4.46  1.7492   3.221    0.27
  100.7500    3.7500  -35.00  -0.665    7.99    4.60  1.7355   3.286    0.28
  100.7500    3.5000  -35.00   0.827    8.11    4.70  1.7234   3.329    0.28
  100.7500    3.2500  -35.00   2.035    8.20    4.79  1.7117   3.365    0.28
  100.7500    3.0000  -35.00  -2.241    7.86    4.50  1.7454   3.242    0.28
  100.7500    2.7500  -35.00   3.000    8.28    4.87  1.7011   3.393    0.28
  100.7500    2.5000  -35.00   1.540    8.16    4.76  1.7167   3.350    0.28
  100.7500    2.2500  -35.00   1.088    8.13    4.72  1.7210   3.337    0.28
  100.7500    2.0000  -35.00   3.000    8.28    4.87  1.7011   3.393    0.28
  100.7500    1.7500  -35.00   0.603    8.09    4.69  1.7254   3.323    0.28
  100.7500    1.5000  -35.00  -1.039    7.96    4.58  1.7381   3.276    0.28
  100.7500    1.2500  -35.00   1.749    8.18    4.77  1.7146   3.356    0.28
  100.7500    1.0000  -35.00  -1.107    7.95    4.57  1.7385   3.274    0.28
  101.0000    4.2500  -35.00   0.771    8.10    4.70  1.7239   3.328    0.28
  101.0000    4.0000  -35.00   0.642    8.09    4.69  1.7250   3.324    0.28
  101.0000    3.7500  -35.00   1.472    8.16    4.75  1.7174   3.348    0.28
  101.0000    3.5000  -35.00   1.923    8.19    4.78  1.7129   3.361    0.28
  101.0000    3.2500  -35.00   1.597    8.17    4.76  1.7162   3.352    0.28
  101.0000    3.0000  -35.00  -3.000    7.80    4.46  1.7492   3.221    0.27
  101.0000    2.7500  -35.00   1.840    8.19    4.78  1.7137   3.359    0.28
  101.0000    2.5000  -35.00  -0.745    7.98    4.60  1.7360   3.284    0.28
  101.0000    2.2500  -35.00  -0.131    8.03    4.64  1.7314   3.302    0.28
  101.0000    2.0000  -35.00  -0.814    7.97    4.59  1.7365   3.282    0.28
  101.0000    1.7500  -35.00  -1.931    7.88    4.52  1.7437   3.250    0.28
  101.0000    1.5000  -35.00  -0.246    8.02    4.63  1.7323   3.298    0.28
  101.0000    1.2500  -35.00   3.000    8.28    4.87  1.7011   3.393    0.28
  101.0000    1.0000  -35.00   1.117    8.13    4.72  1.7208   3.338    0.28
  101.2500    4.2500  -35.00  -0.158    8.03    4.64  1.7317   3.301    0.28
  101.2500    4.0000  -35.00   0.092    8.05    4.65  1.7297   3.308    0.28
  101.2500    3.7500  -35.00   0.619    8.09    4.69  1.7252   3.323    0.28
  101.2500    3.5000  -35.00   0.633    8.09    4.69  1.7251   3.324    0.28
  101.2500    3.2500  -35.00  -0.303    8.02    4.63  1.7328   3.297    0.28
  101.2500    3.0000  -35.00  -2.575    7.83    4.48  1.7472   3.233    0.28
  101.2500    2.7500  -35.00  -3.000    7.80    4.46  1.7492   3.221    0.27
  101.2500    2.5000  -35.00  -0.571    7.99    4.61  1.7348   3.289    0.28
  101.2500    2.2500  -35.00   1.776    8.18    4.77  1.7144   3.357    0.28
  101.2500    2.0000  -35.00   1.304    8.14    4.74  1.7190   3.343    0.28
  101.2500    1.7500  -35.00  -0.025    8.04    4.64  1.7306   3.305    0.28
  101.2500    1.5000  -35.00   1.688    8.18    4.77  1.7152   3.354    0.28
  101.2500    1.2500  -35.00   0.016    8.04    4.65  1.7303   3.306    0.28
  101.2500    1.0000  -35.00  -3.000    7.80    4.46  1.7492   3.221    0.27
  101.5000    4.2500  -35.00  -0.426    8.01    4.62  1.7337   3.293    0.28
  101.5000    4.0000  -35.00   1.361    8.15    4.74  1.7184   3.345    0.28
  101.5000    3.7500  -35.00   0.484    8.08    4.68  1.7264   3.319    0.28
  101.5000    3.5000  -35.00   0.147    8.05    4.66  1.7292   3.309    0.28
  101.5000    3.2500  -35.00   0.730    8.10    4.70  1.7243   3.326    0.28
  101.5000    3.0000  -35.00   1.508    8.16    4.75  1.7170   3.349    0.28
  101.5000    2.7500  -35.00  -1.871    7.89    4.53  1.7433   3.252    0.28
  101.5000    2.5000  -35.00   1.482    8.16    4.75  1.7173   3.348    0.28
  101.5000    2.2500  -35.00   1.110    8.13    4.72  1.7208   3.337    0.28
  101.5000    2.0000  -35.00  -1.440    7.92    4.55  1.7407   3.264    0.28
  101.5000    1.7500  -35.00  -2.336    7.85    4.50  1.7459   3.239    0.28
  101.5000    1.5000  -35.00   0.919    8.11    4.71  1.7226   3.332    0.28
  101.5000    1.2500  -35.00  -1.544    7.92    4.55  1.7414   3.261    0.28
  101.5000    1.0000  -35.00  -3.000    7.80    4.46  1.7492   3.221    0.27
  101.7500    4.5000  -35.00  -0.804    7.98    4.59  1.7364   3.282    0.28
  101.7500    4.2500  -35.00   1.311    8.15    4.74  1.7189   3.343    0.28
  101.7500    4.0000  -35.00   0.829    8.11    4.70  1.7234   3.329    0.28
  101.7500    3.7500  -35.00  -0.336    8.01    4.62  1.7330   3.296    0.28
  101.7500    3.5000  -35.00  -0.348    8.01    4.62  1.7331   3.295    0.28
  101.7500    3.2500  -35.00   0.823    8.11    4.70  1.7234   3.329    0.28
  101.7500    3.0000  -35.00   0.143    8.05    4.66  1.7292   3.309    0.28
  101.7500    2.7500  -35.00  -0.684    7.98    4.60  1.7356   3.286    0.28
  101.7500    2.5000  -35.00   0.008    8.04    4.65  1.7303   3.306    0.28
  101.7500    2.2500  -35.00   1.611    8.17    4.76  1.7160   3.352    0.28
  101.7500    2.0000  -35.00  -0.314    8.01    4.63  1.7328   3.296    0.28
  101.7500    1.7500  -35.00  -1.129    7.95    4.57  1.7387   3.273    0.28
  101.7500    1.5000  -35.00   1.956    8.20    4.79  1.7125   3.362    0.28
  101.7500    1.2500  -35.00  -0.616    7.99    4.61  1.7351   3.288    0.28
  101.7500    1.0000  -35.00  -2.875    7.81    4.47  1.7486   3.224    0.27
  102.0000    4.7500  -35.00  -0.365    8.01    4.62  1.7332   3.295    0.28
  102.0000    4.5000  -35.00   0.818    8.11    4.70  1.7235   3.329    0.28
  102.0000    4.2500  -35.00   1.230    8.14    4.73  1.7197   3.341    0.28
  102.0000    4.0000  -35.00  -0.285    8.02    4.63  1.7326   3.297    0.28
  102.0000    3.7500  -35.00  -1.532    7.92    4.55  1.7413   3.262    0.28
  102.0000    3.5000  -35.00   0.577    8.09    4.69  1.7256   3.322    0.28
  102.0000    3.2500  -35.00  -0.391    8.01    4.62  1.7334   3.294    0.28
  102.0000    3.0000  -35.00  -0.680    7.99    4.60  1.7356   3.286    0.28
  102.0000    2.7500  -35.00  -0.104    8.03    4.64  1.7312   3.302    0.28
  102.0000    2.5000  -35.00   0.436    8.08    4.68  1.7268   3.318    0.28
  102.0000    2.2500  -35.00   1.002    8.12    4.72  1.7218   3.334    0.28
  102.0000    2.0000  -35.00   1.134    8.13    4.73  1.7206   3.338    0.28
  102.0000    1.7500  -35.00   0.191    8.06    4.66  1.7289   3.311    0.28
  102.0000    1.5000  -35.00   0.956    8.12    4.71  1.7222   3.333    0.28
  102.0000    1.2500  -35.00   0.080    8.05    4.65  1.7298   3.308    0.28
  102.0000    1.0000  -35.00  -2.914    7.81    4.46  1.7488   3.223    0.27
  102.2500    4.7500  -35.00   0.113    8.05    4.65  1.7295   3.309    0.28
  102.2500    4.5000  -35.00   1.673    8.17    4.77  1.7154   3.354    0.28
  102.2500    4.2500  -35.00  -0.246    8.02    4.63  1.7323   3.298    0.28
  102.2500    4.0000  -35.00   0.101    8.05    4.65  1.7296   3.308    0.28
  102.2500    3.7500  -35.00  -1.611    7.91    4.54  1.7418   3.259    0.28
  102.2500    3.5000  -35.00  -1.632    7.91    4.54  1.7419   3.259    0.28
  102.2500    2.5000  -35.00   0.797    8.10    4.70  1.7237   3.328    0.28
  102.2500    2.2500  -35.00  -0.083    8.03    4.64  1.7311   3.303    0.28
  102.2500    2.0000  -35.00   2.667    8.25    4.84  1.7049   3.383    0.28
  102.2500    1.7500  -35.00   1.662    8.17    4.76  1.7155   3.354    0.28
  102.2500    1.5000  -35.00  -0.591    7.99    4.61  1.7349   3.288    0.28
  102.2500    1.2500  -35.00   1.795    8.18    4.77  1.7142   3.357    0.28
  102.2500    1.0000  -35.00  -3.000    7.80    4.46  1.7492   3.221    0.27
  102.5000    5.0000  -35.00  -0.390    8.01    4.62  1.7334   3.294    0.28
  102.5000    4.7500  -35.00   0.791    8.10    4.70  1.7237   3.328    0.28
  102.5000    4.5000  -35.00  -0.845    7.97    4.59  1.7367   3.281    0.28
  102.5000    4.2500  -35.00  -0.745    7.98    4.60  1.7360   3.284    0.28
  102.5000    4.0000  -35.00  -0.961    7.96    4.58  1.7375   3.278    0.28
  102.5000    3.7500  -35.00  -0.818    7.97    4.59  1.7365   3.282    0.28
  102.5000    2.2500  -35.00  -1.451    7.92    4.55  1.7408   3.264    0.28
  102.5000    2.0000  -35.00   2.575    8.25    4.83  1.7059   3.381    0.28
  102.5000    1.7500  -35.00   3.000    8.28    4.87  1.7011   3.393    0.28
  102.5000    1.5000  -35.00  -1.878    7.89    4.53  1.7434   3.252    0.28
  102.5000    1.2500  -35.00   3.000    8.28    4.87  1.7011   3.393    0.28
  102.5000    1.0000  -35.00  -1.907    7.89    4.52  1.7435   3.251    0.28
  102.7500    5.0000  -35.00  -0.758    7.98    4.60  1.7361   3.284    0.28
  102.7500    4.7500  -35.00  -2.121    7.87    4.51  1.7447   3.245    0.28
  102.7500    4.5000  -35.00  -1.694    7.90    4.54  1.7423   3.257    0.28
  102.7500    4.2500  -35.00  -0.758    7.98    4.60  1.7361   3.284    0.28
  102.7500    2.2500  -35.00  -1.905    7.89    4.52  1.7435   3.251    0.28
  102.7500    2.0000  -35.00  -2.588    7.83    4.48  1.7472   3.232    0.28
  102.7500    1.7500  -35.00   3.000    8.28    4.87  1.7011   3.393    0.28
  102.7500    1.5000  -35.00   0.818    8.11    4.70  1.7235   3.329    0.28
  102.7500    1.2500  -35.00   0.135    8.05    4.66  1.7293   3.309    0.28
  102.7500    1.0000  -35.00   2.168    8.21    4.80  1.7103   3.369    0.28
  103.0000    5.0000  -35.00  -1.394    7.93    4.56  1.7404   3.266    0.28
  103.0000    4.7500  -35.00  -1.248    7.94    4.56  1.7395   3.270    0.28
  103.0000    4.5000  -35.00  -0.101    8.03    4.64  1.7312   3.302    0.28
  103.0000    2.2500  -35.00   1.656    8.17    4.76  1.7156   3.353    0.28
  103.0000    2.0000  -35.00   0.515    8.08    4.68  1.7261   3.320    0.28
  103.0000    1.7500  -35.00   0.349    8.07    4.67  1.7275   3.315    0.28
  103.0000    1.5000  -35.00   3.000    8.28    4.87  1.7011   3.393    0.28
  103.0000    1.2500  -35.00   1.239    8.14    4.73  1.7196   3.341    0.28
  103.0000    1.0000  -35.00   2.836    8.27    4.85  1.7030   3.388    0.28
  103.2500    2.0000  -35.00   3.000    8.28    4.87  1.7011   3.393    0.28
  103.2500    1.7500  -35.00  -3.000    7.80    4.46  1.7492   3.221    0.27
  103.2500    1.5000  -35.00   3.000    8.28    4.87  1.7011   3.393    0.28
  103.2500    1.2500  -35.00   3.000    8.28    4.87  1.7011   3.393    0.28
  103.2500    1.0000  -35.00   3.000    8.28    4.87  1.7011   3.393    0.28
  103.5000    2.0000  -35.00   3.000    8.28    4.87  1.7011   3.393    0.28
  103.5000    1.7500  -35.00   2.141    8.21    4.80  1.7106   3.368    0.28
  103.5000    1.5000  -35.00   3.000    8.28    4.87  1.7011   3.393    0.28
  103.5000    1.2500  -35.00   2.894    8.27    4.86  1.7023   3.390    0.28
  103.5000    1.0000  -35.00   3.000    8.28    4.87  1.7011   3.393    0.28
  103.7500    1.7500  -35.00  -0.742    7.98    4.60  1.7360   3.284    0.28
  103.7500    1.5000  -35.00  -0.284    8.02    4.63  1.7326   3.297    0.28
  103.7500    1.2500  -35.00   0.109    8.05    4.65  1.7295   3.308    0.28
  103.7500    1.0000  -35.00   1.385    8.15    4.74  1.7182   3.345    0.28
>
  100.0000    5.2500  -40.00  -0.618    7.99    4.61  1.7351   3.288    0.28
  100.0000    5.0000  -40.00  -1.906    7.89    4.52  1.7435   3.251    0.28
  100.0000    4.7500  -40.00   1.402    8.15    4.75  1.7180   3.346    0.28
  100.0000    4.5000  -40.00  -1.798    7.90    4.53  1.7429   3.254    0.28
  100.0000    4.2500  -40.00  -1.917    7.89    4.52  1.7436   3.251    0.28
  100.0000    4.0000  -40.00   2.734    8.26    4.85  1.7041   3.386    0.28
  100.0000    3.7500  -40.00   3.000    8.28    4.87  1.7010   3.393    0.28
  100.0000    3.5000  -40.00   1.078    8.13    4.72  1.7210   3.337    0.28
  100.0000    3.2500  -40.00  -3.000    7.80    4.46  1.7492   3.221    0.27
  100.0000    3.0000  -40.00   0.237    8.06    4.66  1.7284   3.312    0.28
  100.0000    2.7500  -40.00  -0.737    7.98    4.60  1.7359   3.284    0.28
  100.0000    2.5000  -40.00  -3.000    7.80    4.46  1.7492   3.221    0.27
  100.0000    2.2500  -40.00   3.000    8.28    4.87  1.7010   3.393    0.28
  100.0000    2.0000  -40.00  -3.000    7.80    4.46  1.7492   3.221    0.27
  100.0000    1.7500  -40.00   0.210    8.06    4.66  1.7286   3.312    0.28
  100.0000    1.5000  -40.00   0.310    8.07    4.67  1.7278   3.314    0.28
  100.0000    1.2500  -40.00  -3.000    7.80    4.46  1.7492   3.221    0.27
  100.0000    1.0000  -40.00  -2.110    7.87    4.51  1.7447   3.246    0.28
  100.2500    5.2500  -40.00  -1.073    7.95    4.58  1.7383   3.275    0.28
  100.2500    5.0000  -40.00  -3.000    7.80    4.46  1.7492   3.221    0.27
  100.2500    4.7500  -40.00   3.000    8.28    4.87  1.7010   3.393    0.28
  100.2500    4.5000  -40.00  -3.000    7.80    4.46  1.7492   3.221    0.27
  100.2500    4.2500  -40.00  -3.000    7.80    4.46  1.7492   3.221    0.27
  100.2500    4.0000  -40.00   3.000    8.28    4.87  1.7010   3.393    0.28
  100.2500    3.7500  -40.00  -0.618    7.99    4.61  1.7351   3.288    0.28
  100.2500    3.5000  -40.00   0.863    8.11    4.71  1.7230   3.330    0.28
  100.2500    3.2500  -40.00   2.549    8.25    4.83  1.7061   3.380    0.28
  100.2500    3.0000  -40.00   0.966    8.12    4.71  1.7221   3.333    0.28
  100.2500    2.7500  -40.00  -3.000    7.80    4.46  1.7492   3.221    0.27
  100.2500    2.5000  -40.00  -0.234    8.02    4.63  1.7322   3.299    0.28
  100.2500    2.2500  -40.00  -1.122    7.95    4.57  1.7386   3.273    0.28
  100.2500    2.0000  -40.00  -3.000    7.80    4.46  1.7492   3.221    0.27
  100.2500    1.7500  -40.00  -2.391    7.85    4.49  1.7462   3.238    0.28
  100.2500    1.5000  -40.00  -0.046    8.04    4.64  1.7307   3.304    0.28
  100.2500    1.2500  -40.00   2.053    8.21    4.79  1.7114   3.365    0.28
  100.2500    1.0000  -40.00   2.586    8.25    4.84  1.7057   3.381    0.28
  100.5000    5.0000  -40.00   0.933    8.12    4.71  1.7224   3.332    0.28
  100.5000    4.7500  -40.00  -1.277    7.94    4.56  1.7396   3.269    0.28
  100.5000    4.5000  -40.00  -2.083    7.87    4.51  1.7445   3.246    0.28
  100.5000    4.2500  -40.00  -0.035    8.04    4.64  1.7306   3.304    0.28
  100.5000    4.0000  -40.00   1.047    8.12    4.72  1.7213   3.336    0.28
  100.5000    3.7500  -40.00  -3.000    7.80    4.46  1.7492   3.221    0.27
  100.5000    3.5000  -40.00   1.109    8.13    4.72  1.7208   3.338    0.28
  100.5000    3.2500  -40.00   3.000    8.28    4.87  1.7010   3.393    0.28
  100.5000    3.0000  -40.00  -1.762    7.90    4.53  1.7426   3.255    0.28
  100.5000    2.7500  -40.00   0.916    8.11    4.71  1.7225   3.332    0.28
  100.5000    2.5000  -40.00   3.000    8.28    4.87  1.7010   3.393    0.28
  100.5000    2.2500  -40.00   2.797    8.27    4.85  1.7034   3.387    0.28
  100.5000    2.0000  -40.00  -2.063    7.87    4.51  1.7444   3.247    0.28
  100.5000    1.7500  -40.00   2.152    8.21    4.80  1.7104   3.368    0.28
  100.5000    1.5000  -40.00   1.695    8.18    4.77  1.7151   3.355    0.28
  100.5000    1.2500  -40.00   2.352    8.23    4.82  1.7083   3.374    0.28
  100.5000    1.0000  -40.00  -3.000    7.80    4.46  1.7492   3.221    0.27
  100.7500    4.7500  -40.00   3.000    8.28    4.87  1.7010   3.393    0.28
  100.7500    4.5000  -40.00   2.882    8.27    4.86  1.7024   3.390    0.28
  100.7500    4.2500  -40.00   0.742    8.10    4.70  1.7241   3.327    0.28
  100.7500    4.0000  -40.00  -3.000    7.80    4.46  1.7492   3.221    0.27
  100.7500    3.7500  -40.00  -3.000    7.80    4.46  1.7492   3.221    0.27
  100.7500    3.5000  -40.00  -1.601    7.91    4.54  1.7417   3.260    0.28
  100.7500    3.2500  -40.00  -3.000    7.80    4.46  1.7492   3.221    0.27
  100.7500    3.0000  -40.00  -3.000    7.80    4.46  1.7492   3.221    0.27
  100.7500    2.7500  -40.00   0.725    8.10    4.70  1.7242   3.326    0.28
  100.7500    2.5000  -40.00  -2.195    7.86    4.51  1.7451   3.243    0.28
  100.7500    2.2500  -40.00   2.513    8.24    4.83  1.7065   3.379    0.28
  100.7500    2.0000  -40.00  -2.479    7.84    4.49  1.7466   3.235    0.28
  100.7500    1.7500  -40.00   0.531    8.08    4.68  1.7259   3.321    0.28
  100.7500    1.5000  -40.00  -0.386    8.01    4.62  1.7333   3.294    0.28
  100.7500    1.2500  -40.00  -0.556    8.00    4.61  1.7346   3.290    0.28
  100.7500    1.0000  -40.00   1.854    8.19    4.78  1.7135   3.359    0.28
  101.0000    4.5000  -40.00   0.544    8.08    4.68  1.7258   3.321    0.28
  101.0000    4.2500  -40.00  -0.363    8.01    4.62  1.7332   3.295    0.28
  101.0000    4.0000  -40.00  -1.664    7.91    4.54  1.7420   3.258    0.28
  101.0000    3.7500  -40.00   1.503    8.16    4.75  1.7170   3.349    0.28
  101.0000    3.5000  -40.00   3.000    8.28    4.87  1.7010   3.393    0.28
  101.0000    3.2500  -40.00   3.000    8.28    4.87  1.7010   3.393    0.28
  101.0000    3.0000  -40.00   0.601    8.09    4.69  1.7253   3.323    0.28
  101.0000    2.7500  -40.00  -0.617    7.99    4.61  1.7351   3.288    0.28
  101.0000    2.5000  -40.00   2.660    8.25    4.84  1.7049   3.383    0.28
  101.0000    2.2500  -40.00   0.642    8.09    4.69  1.7250   3.324    0.28
  101.0000    2.0000  -40.00  -3.000    7.80    4.46  1.7492   3.221    0.27
  101.0000    1.7500  -40.00  -1.500    7.92    4.55  1.7410   3.263    0.28
  101.0000    1.5000  -40.00  -1.036    7.96    4.58  1.7380   3.276    0.28
  101.0000    1.2500  -40.00  -0.469    8.00    4.62  1.7340   3.292    0.28
  101.0000    1.0000  -40.00  -3.000    7.80    4.46  1.7492   3.221    0.27
  101.2500    4.2500  -40.00  -1.134    7.95    4.57  1.7387   3.273    0.28
  101.2500    4.0000  -40.00   0.005    8.04    4.65  1.7303   3.306    0.28
  101.2500    3.7500  -40.00   2.278    8.22    4.81  1.7091   3.372    0.28
  101.2500    3.5000  -40.00   0.132    8.05    4.66  1.7293   3.309    0.28
  101.2500    3.2500  -40.00  -0.460    8.00    4.62  1.7339   3.292    0.28
  101.2500    3.0000  -40.00   0.459    8.08    4.68  1.7266   3.319    0.28
  101.2500    2.7500  -40.00  -0.564    8.00    4.61  1.7347   3.289    0.28
  101.2500    2.5000  -40.00  -0.470    8.00    4.62  1.7340   3.292    0.28
  101.2500    2.2500  -40.00  -0.651    7.99    4.60  1.7353   3.287    0.28
  101.2500    2.0000  -40.00  -3.000    7.80    4.46  1.7492   3.221    0.27
  101.2500    1.7500  -40.00   0.497    8.08    4.68  1.7262   3.320    0.28
  101.2500    1.5000  -40.00   0.479    8.08    4.68  1.7264   3.319    0.28
  101.2500    1.2500  -40.00  -0.992    7.96    4.58  1.7377   3.277    0.28
  101.2500    1.0000  -40.00   0.001    8.04    4.65  1.7303   3.305    0.28
  101.5000    4.2500  -40.00  -0.892    7.97    4.59  1.7370   3.280    0.28
  101.5000    4.0000  -40.00   1.882    8.19    4.78  1.7132   3.360    0.28
  101.5000    3.7500  -40.00  -0.178    8.03    4.63  1.7317   3.300    0.28
  101.5000    3.5000  -40.00  -1.708    7.90    4.54  1.7423   3.257    0.28
  101.5000    3.2500  -40.00  -0.483    8.00    4.61  1.7341   3.292    0.28
  101.5000    3.0000  -40.00   1.277    8.14    4.74  1.7192   3.343    0.28
  101.5000    2.7500  -40.00   2.068    8.21    4.80  1.7113   3.366    0.28
  101.5000    2.5000  -40.00   0.706    8.10    4.70  1.7244   3.326    0.28
  101.5000    2.2500  -40.00   3.000    8.28    4.87  1.7010   3.393    0.28
  101.5000    2.0000  -40.00   0.270    8.06    4.67  1.7281   3.313    0.28
  101.5000    1.7500  -40.00   0.743    8.10    4.70  1.7241   3.327    0.28
  101.5000    1.5000  -40.00   1.955    8.20    4.79  1.7125   3.362    0.28
  101.5000    1.2500  -40.00  -1.869    7.89    4.53  1.7433   3.252    0.28
  101.5000    1.0000  -40.00  -0.627    7.99    4.60  1.7351   3.288    0.28
  101.7500    4.5000  -40.00  -0.909    7.97    4.59  1.7371   3.279    0.28
  101.7500    4.2500  -40.00   1.233    8.14    4.73  1.7196   3.341    0.28
  101.7500    4.0000  -40.00  -0.548    8.00    4.61  1.7345   3.290    0.28
  101.7500    3.7500  -40.00  -1.485    7.92    4.55  1.7409   3.263    0.28
  101.7500    3.5000  -40.00  -0.972    7.96    4.58  1.7376   3.278    0.28
  101.7500    3.2500  -40.00  -0.294    8.02    4.63  1.7326   3.297    0.28
  101.7500    3.0000  -40.00  -0.566    8.00    4.61  1.7347   3.289    0.28
  101.7500    2.7500  -40.00   1.541    8.16    4.76  1.7166   3.350    0.28
  101.7500    2.5000  -40.00   2.341    8.23    4.82  1.7084   3.374    0.28
  101.7500    2.2500  -40.00   3.000    8.28    4.87  1.7010   3.393    0.28
  101.7500    2.0000  -40.00   3.000    8.28    4.87  1.7010   3.393    0.28
  101.7500    1.7500  -40.00  -0.280    8.02    4.63  1.7325   3.297    0.28
  101.7500    1.5000  -40.00   1.348    8.15    4.74  1.7185   3.345    0.28
  101.7500    1.2500  -40.00  -1.270    7.94    4.56  1.7396   3.269    0.28
  101.7500    1.0000  -40.00  -2.027    7.88    4.52  1.7442   3.248    0.28
  102.0000    4.7500  -40.00  -0.480    8.00    4.61  1.7340   3.292    0.28
  102.0000    4.5000  -40.00   0.058    8.05    4.65  1.7299   3.307    0.28
  102.0000    4.2500  -40.00  -1.028    7.96    4.58  1.7379   3.276    0.28
  102.0000    4.0000  -40.00  -1.423    7.93    4.55  1.7405   3.265    0.28
  102.0000    3.7500  -40.00  -1.699    7.90    4.54  1.7423   3.257    0.28
  102.0000    3.5000  -40.00  -1.633    7.91    4.54  1.7419   3.259    0.28
  102.0000    3.2500  -40.00  -1.379    7.93    4.56  1.7403   3.266    0.28
  102.0000    3.0000  -40.00  -0.868    7.97    4.59  1.7368   3.281    0.28
  102.0000    2.7500  -40.00   1.123    8.13    4.73  1.7206   3.338    0.28
  102.0000    2.5000  -40.00   3.000    8.28    4.87  1.7010   3.393    0.28
  102.0000    2.2500  -40.00   2.418    8.24    4.82  1.7076   3.376    0.28
  102.0000    2.0000  -40.00   3.000    8.28    4.87  1.7010   3.393    0.28
  102.0000    1.7500  -40.00  -0.213    8.02    4.63  1.7320   3.299    0.28
  102.0000    1.5000  -40.00   1.722    8.18    4.77  1.7148   3.356    0.28
  102.0000    1.2500  -40.00  -0.574    7.99    4.61  1.7347   3.289    0.28
  102.0000    1.0000  -40.00  -2.805    7.82    4.47  1.7483   3.226    0.28
  102.2500    5.0000  -40.00  -0.895    7.97    4.59  1.7370   3.280    0.28
  102.2500    4.7500  -40.00  -0.406    8.01    4.62  1.7335   3.294    0.28
  102.2500    4.5000  -40.00  -2.143    7.87    4.51  1.7448   3.245    0.28
  102.2500    4.2500  -40.00  -1.948    7.88    4.52  1.7437   3.250    0.28
  102.2500    4.0000  -40.00  -1.062    7.96    4.58  1.7382   3.275    0.28
  102.2500    3.7500  -40.00  -1.085    7.95    4.58  1.7383   3.275    0.28
  102.2500    3.5000  -40.00  -1.237    7.94    4.57  1.7393   3.270    0.28
  102.2500    3.2500  -40.00  -0.562    8.00    4.61  1.7347   3.289    0.28
  102.2500    3.0000  -40.00  -0.217    8.02    4.63  1.7321   3.299    0.28
  102.2500    2.7500  -40.00   0.106    8.05    4.65  1.7295   3.309    0.28
  102.2500    2.5000  -40.00   3.000    8.28    4.87  1.7010   3.393    0.28
  102.2500    2.2500  -40.00   2.421    8.24    4.82  1.7075   3.376    0.28
  102.2500    2.0000  -40.00   3.000    8.28    4.87  1.7010   3.393    0.28
  102.2500    1.7500  -40.00   0.310    8.07    4.67  1.7278   3.314    0.28
  102.2500    1.5000  -40.00   2.076    8.21    4.80  1.7112   3.366    0.28
  102.2500    1.2500  -40.00  -3.000    7.80    4.46  1.7492   3.221    0.27
  102.2500    1.0000  -40.00  -2.277    7.86    4.50  1.7456   3.241    0.28
  102.5000    5.0000  -40.00  -1.645    7.91    4.54  1.7419   3.259    0.28
  102.5000    4.7500  -40.00  -1.738    7.90    4.53  1.7425   3.256    0.28
  102.5000    4.5000  -40.00  -1.337    7.93    4.56  1.7400   3.267    0.28
  102.5000    4.2500  -40.00  -0.510    8.00    4.61  1.7343   3.291    0.28
  102.5000    4.0000  -40.00  -0.985    7.96    4.58  1.7377   3.277    0.28
  102.5000    3.7500  -40.00  -0.706    7.98    4.60  1.7357   3.285    0.28
  102.5000    3.5000  -40.00  -0.164    8.03    4.64  1.7316   3.301    0.28
  102.5000    2.2500  -40.00   2.950    8.28    4.86  1.7016   3.392    0.28
  102.5000    2.0000  -40.00   1.348    8.15    4.74  1.7185   3.345    0.28
  102.5000    1.7500  -40.00   2.963    8.28    4.87  1.7014   3.392    0.28
  102.5000    1.5000  -40.00   0.325    8.07    4.67  1.7277   3.315    0.28
  102.5000    1.2500  -40.00  -2.269    7.86    4.50  1.7455   3.241    0.28
  102.5000    1.0000  -40.00  -1.181    7.95    4.57  1.7390   3.272    0.28
  102.7500    5.0000  -40.00  -0.079    8.03    4.64  1.7310   3.303    0.28
  102.7500    4.7500  -40.00   0.640    8.09    4.69  1.7250   3.324    0.28
  102.7500    4.5000  -40.00   0.025    8.04    4.65  1.7301   3.306    0.28
  102.7500    4.2500  -40.00  -0.806    7.98    4.59  1.7364   3.282    0.28
  102.7500    4.0000  -40.00  -0.158    8.03    4.64  1.7316   3.301    0.28
  102.7500    2.2500  -40.00   3.000    8.28    4.87  1.7010   3.393    0.28
  102.7500    2.0000  -40.00   0.177    8.05    4.66  1.7289   3.311    0.28
  102.7500    1.7500  -40.00  -0.156    8.03    4.64  1.7316   3.301    0.28
  102.7500    1.5000  -40.00   3.000    8.28    4.87  1.7010   3.393    0.28
  102.7500    1.2500  -40.00   0.044    8.04    4.65  1.7300   3.307    0.28
  102.7500    1.0000  -40.00   1.442    8.16    4.75  1.7176   3.347    0.28
  103.0000    5.0000  -40.00   0.000    8.04    4.65  1.7303   3.305    0.28
  103.0000    4.7500  -40.00  -0.917    7.97    4.59  1.7372   3.279    0.28
  103.0000    4.5000  -40.00  -0.646    7.99    4.60  1.7353   3.287    0.28
  103.0000    4.2500  -40.00  -0.102    8.03    4.64  1.7312   3.303    0.28
  103.0000    2.2500  -40.00   1.981    8.20    4.79  1.7122   3.363    0.28
  103.0000    2.0000  -40.00   3.000    8.28    4.87  1.7010   3.393    0.28
  103.0000    1.7500  -40.00  -3.000    7.80    4.46  1.7492   3.221    0.27
  103.0000    1.5000  -40.00   3.000    8.28    4.87  1.7010   3.393    0.28
  103.0000    1.2500  -40.00  -3.000    7.80    4.46  1.7492   3.221    0.27
  103.0000    1.0000  -40.00   3.000    8.28    4.87  1.7010   3.393    0.28
  103.2500    2.2500  -40.00   0.288    8.06    4.67  1.7280   3.314    0.28
  103.2500    2.0000  -40.00   3.000    8.28    4.87  1.7010   3.393    0.28
  103.2500    1.7500  -40.00  -2.289    7.86    4.50  1.7456   3.241    0.28
  103.2500    1.5000  -40.00   0.604    8.09    4.69  1.7253   3.323    0.28
  103.2500    1.2500  -40.00  -3.000    7.80    4.46  1.7492   3.221    0.27
  103.2500    1.0000  -40.00   3.000    8.28    4.87  1.7010   3.393    0.28
  103.5000    2.2500  -40.00  -1.559    7.92    4.55  1.7414   3.261    0.28
  103.5000    2.0000  -40.00   0.156    8.05    4.66  1.7291   3.310    0.28
  103.5000    1.7500  -40.00   0.659    8.09    4.69  1.7248   3.325    0.28
  103.5000    1.5000  -40.00   0.193    8.06    4.66  1.7288   3.311    0.28
  103.5000    1.2500  -40.00  -0.136    8.03    4.64  1.7314   3.302    0.28
  103.5000    1.0000  -40.00   0.621    8.09    4.69  1.7252   3.323    0.28
  103.7500    2.0000  -40.00  -0.923    7.97    4.59  1.7372   3.279    0.28
  103.7500    1.7500  -40.00  -0.356    8.01    4.62  1.7331   3.295    0.28
  103.7500    1.5000  -40.00  -0.128    8.03    4.64  1.7314   3.302    0.28
  103.7500    1.2500  -40.00  -0.561    8.00    4.61  1.7346   3.289    0.28
  103.7500    1.0000  -40.00   0.067    8.05    4.65  1.7298   3.307    0.28
>
  100.0000    5.5000  -50.00   0.069    8.05    4.65  1.7297   3.308    0.28
  100.0000    5.2500  -50.00   1.182    8.14    4.73  1.7199   3.340    0.28
  100.0000    5.0000  -50.00   2.257    8.22    4.81  1.7091   3.372    0.28
  100.0000    4.7500  -50.00   0.400    8.07    4.68  1.7269   3.317    0.28
  100.0000    4.5000  -50.00   3.000    8.28    4.87  1.7008   3.394    0.28
  100.0000    4.2500  -50.00   3.000    8.28    4.87  1.7008   3.394    0.28
  100.0000    4.0000  -50.00   0.447    8.08    4.68  1.7265   3.319    0.28
  100.0000    3.7500  -50.00   3.000    8.28    4.87  1.7008   3.394    0.28
  100.0000    3.5000  -50.00  -0.269    8.02    4.63  1.7323   3.298    0.28
  100.0000    3.2500  -50.00   3.000    8.28    4.87  1.7008   3.394    0.28
  100.0000    3.0000  -50.00  -2.571    7.84    4.48  1.7470   3.233    0.28
  100.0000    2.7500  -50.00  -3.000    7.80    4.46  1.7491   3.221    0.27
  100.0000    2.5000  -50.00   0.955    8.12    4.71  1.7220   3.334    0.28
  100.0000    2.2500  -50.00   1.233    8.14    4.73  1.7195   3.342    0.28
  100.0000    2.0000  -50.00  -1.401    7.93    4.56  1.7403   3.266    0.28
  100.0000    1.7500  -50.00   1.179    8.14    4.73  1.7200   3.340    0.28
  100.0000    1.5000  -50.00   0.174    8.06    4.66  1.7288   3.311    0.28
  100.0000    1.2500  -50.00   3.000    8.28    4.87  1.7008   3.394    0.28
  100.0000    1.0000  -50.00   1.387    8.15    4.75  1.7180   3.346    0.28
  100.2500    5.2500  -50.00   0.170    8.06    4.66  1.7288   3.311    0.28
  100.2500    5.0000  -50.00  -1.877    7.89    4.53  1.7432   3.253    0.28
  100.2500    4.7500  -50.00   0.843    8.11    4.71  1.7231   3.330    0.28
  100.2500    4.5000  -50.00   1.866    8.19    4.78  1.7132   3.360    0.28
  100.2500    4.2500  -50.00  -3.000    7.80    4.46  1.7491   3.221    0.27
  100.2500    4.0000  -50.00  -3.000    7.80    4.46  1.7491   3.221    0.27
  100.2500    3.7500  -50.00  -0.246    8.02    4.63  1.7322   3.299    0.28
  100.2500    3.5000  -50.00  -1.835    7.89    4.53  1.7430   3.254    0.28
  100.2500    3.2500  -50.00  -3.000    7.80    4.46  1.7491   3.221    0.27
  100.2500    3.0000  -50.00  -3.000    7.80    4.46  1.7491   3.221    0.27
  100.2500    2.7500  -50.00   0.806    8.11    4.70  1.7234   3.329    0.28
  100.2500    2.5000  -50.00   1.254    8.14    4.74  1.7193   3.342    0.28
  100.2500    2.2500  -50.00  -3.000    7.80    4.46  1.7491   3.221    0.27
  100.2500    2.0000  -50.00  -0.652    7.99    4.60  1.7352   3.287    0.28
  100.2500    1.7500  -50.00   2.905    8.28    4.86  1.7019   3.391    0.28
  100.2500    1.5000  -50.00  -1.303    7.94    4.56  1.7397   3.269    0.28
  100.2500    1.2500  -50.00  -0.708    7.98    4.60  1.7356   3.286    0.28
  100.2500    1.0000  -50.00  -0.168    8.03    4.64  1.7316   3.301    0.28
  100.5000    4.7500  -50.00   2.648    8.25    4.84  1.7049   3.383    0.28
  100.5000    4.5000  -50.00   3.000    8.28    4.87  1.7008   3.394    0.28
  100.5000    4.2500  -50.00  -0.762    7.98    4.60  1.7360   3.284    0.28
  100.5000    4.0000  -50.00  -3.000    7.80    4.46  1.7491   3.221    0.27
  100.5000    3.7500  -50.00   0.142    8.05    4.66  1.7291   3.310    0.28
  100.5000    3.5000  -50.00  -1.062    7.96    4.58  1.7381   3.276    0.28
  100.5000    3.2500  -50.00   2.515    8.24    4.83  1.7063   3.379    0.28
  100.5000    3.0000  -50.00  -3.000    7.80    4.46  1.7491   3.221    0.27
  100.5000    2.7500  -50.00  -1.405    7.93    4.56  1.7403   3.266    0.28
  100.5000    2.5000  -50.00   0.043    8.05    4.65  1.7299   3.307    0.28
  100.5000    2.2500  -50.00  -3.000    7.80    4.46  1.7491   3.221    0.27
  100.5000    2.0000  -50.00   2.091    8.21    4.80  1.7109   3.367    0.28
  100.5000    1.7500  -50.00   1.836    8.19    4.78  1.7135   3.359    0.28
  100.5000    1.5000  -50.00  -3.000    7.80    4.46  1.7491   3.221    0.27
  100.5000    1.2500  -50.00  -0.735    7.98    4.60  1.7358   3.285    0.28
  100.5000    1.0000  -50.00   0.448    8.08    4.68  1.7265   3.319    0.28
  100.7500    4.7500  -50.00   0.345    8.07    4.67  1.7274   3.316    0.28
  100.7500    4.5000  -50.00   0.665    8.10    4.69  1.7246   3.325    0.28
  100.7500    4.2500  -50.00   0.645    8.09    4.69  1.7248   3.325    0.28
  100.7500    4.0000  -50.00   0.816    8.11    4.70  1.7233   3.330    0.28
  100.7500    3.7500  -50.00   2.230    8.22    4.81  1.7094   3.371    0.28
  100.7500    3.5000  -50.00   3.000    8.28    4.87  1.7008   3.394    0.28
  100.7500    3.2500  -50.00   3.000    8.28    4.87  1.7008   3.394    0.28
  100.7500    3.0000  -50.00  -3.000    7.80    4.46  1.7491   3.221    0.27
  100.7500    2.7500  -50.00   3.000    8.28    4.87  1.7008   3.394    0.28
  100.7500    2.5000  -50.00   2.483    8.24    4.83  1.7067   3.378    0.28
  100.7500    2.2500  -50.00   3.000    8.28    4.87  1.7008   3.394    0.28
  100.7500    2.0000  -50.00   3.000    8.28    4.87  1.7008   3.394    0.28
  100.7500    1.7500  -50.00   3.000    8.28    4.87  1.7008   3.394    0.28
  100.7500    1.5000  -50.00   0.203    8.06    4.66  1.7286   3.312    0.28
  100.7500    1.2500  -50.00  -1.780    7.90    4.53  1.7427   3.255    0.28
  100.7500    1.0000  -50.00   0.288    8.06    4.67  1.7279   3.314    0.28
  101.0000    4.5000  -50.00   0.101    8.05    4.65  1.7294   3.309    0.28
  101.0000    4.2500  -50.00   0.800    8.11    4.70  1.7234   3.329    0.28
  101.0000    4.0000  -50.00   0.835    8.11    4.71  1.7231   3.330    0.28
  101.0000    3.7500  -50.00   1.306    8.15    4.74  1.7188   3.344    0.28
  101.0000    3.5000  -50.00   3.000    8.28    4.87  1.7008   3.394    0.28
  101.0000    3.2500  -50.00  -0.554    8.00    4.61  1.7345   3.290    0.28
  101.0000    3.0000  -50.00  -0.048    8.04    4.64  1.7306   3.305    0.28
  101.0000    2.7500  -50.00   3.000    8.28    4.87  1.7008   3.394    0.28
  101.0000    2.5000  -50.00  -0.563    8.00    4.61  1.7346   3.290    0.28
  101.0000    2.2500  -50.00   3.000    8.28    4.87  1.7008   3.394    0.28
  101.0000    2.0000  -50.00   3.000    8.28    4.87  1.7008   3.394    0.28
  101.0000    1.7500  -50.00   3.000    8.28    4.87  1.7008   3.394    0.28
  101.0000    1.5000  -50.00  -3.000    7.80    4.46  1.7491   3.221    0.27
  101.0000    1.2500  -50.00  -3.000    7.80    4.46  1.7491   3.221    0.27
  101.0000    1.0000  -50.00   3.000    8.28    4.87  1.7008   3.394    0.28
  101.2500    4.5000  -50.00  -0.000    8.04    4.65  1.7302   3.306    0.28
  101.2500    4.2500  -50.00   0.191    8.06    4.66  1.7287   3.311    0.28
  101.2500    4.0000  -50.00   0.237    8.06    4.66  1.7283   3.313    0.28
  101.2500    3.7500  -50.00  -0.118    8.03    4.64  1.7312   3.303    0.28
  101.2500    3.5000  -50.00  -1.618    7.91    4.54  1.7417   3.260    0.28
  101.2500    3.2500  -50.00  -0.521    8.00    4.61  1.7342   3.291    0.28
  101.2500    3.0000  -50.00   2.393    8.23    4.82  1.7077   3.376    0.28
  101.2500    2.7500  -50.00   1.636    8.17    4.76  1.7155   3.353    0.28
  101.2500    2.5000  -50.00   1.986    8.20    4.79  1.7120   3.364    0.28
  101.2500    2.2500  -50.00   2.767    8.26    4.85  1.7035   3.387    0.28
  101.2500    2.0000  -50.00   3.000    8.28    4.87  1.7008   3.394    0.28
  101.2500    1.7500  -50.00   0.636    8.09    4.69  1.7249   3.324    0.28
  101.2500    1.5000  -50.00  -3.000    7.80    4.46  1.7491   3.221    0.27
  101.2500    1.2500  -50.00  -3.000    7.80    4.46  1.7491   3.221    0.27
  101.2500    1.0000  -50.00  -1.240    7.94    4.57  1.7393   3.271    0.28
  101.5000    4.7500  -50.00  -0.717    7.98    4.60  1.7357   3.285    0.28
  101.5000    4.5000  -50.00  -0.119    8.03    4.64  1.7312   3.302    0.28
  101.5000    4.2500  -50.00   0.098    8.05    4.65  1.7294   3.309    0.28
  101.5000    4.0000  -50.00  -0.159    8.03    4.64  1.7315   3.301    0.28
  101.5000    3.7500  -50.00  -1.935    7.89    4.52  1.7436   3.251    0.28
  101.5000    3.5000  -50.00  -1.825    7.90    4.53  1.7429   3.254    0.28
  101.5000    3.2500  -50.00  -0.920    7.97    4.59  1.7371   3.280    0.28
  101.5000    3.0000  -50.00  -0.635    7.99    4.61  1.7351   3.288    0.28
  101.5000    2.7500  -50.00   2.051    8.21    4.80  1.7113   3.366    0.28
  101.5000    2.5000  -50.00  -0.374    8.01    4.62  1.7331   3.295    0.28
  101.5000    2.2500  -50.00  -0.090    8.03    4.64  1.7309   3.303    0.28
  101.5000    2.0000  -50.00   1.064    8.13    4.72  1.7210   3.337    0.28
  101.5000    1.7500  -50.00   1.095    8.13    4.72  1.7207   3.338    0.28
  101.5000    1.5000  -50.00  -1.527    7.92    4.55  1.7411   3.262    0.28
  101.5000    1.2500  -50.00  -3.000    7.80    4.46  1.7491   3.221    0.27
  101.5000    1.0000  -50.00  -3.000    7.80    4.46  1.7491   3.221    0.27
  101.7500    4.7500  -50.00  -0.981    7.96    4.58  1.7375   3.278    0.28
  101.7500    4.5000  -50.00  -0.286    8.02    4.63  1.7325   3.298    0.28
  101.7500    4.2500  -50.00  -0.291    8.02    4.63  1.7325   3.298    0.28
  101.7500    4.0000  -50.00  -1.622    7.91    4.54  1.7417   3.260    0.28
  101.7500    3.7500  -50.00  -1.445    7.93    4.55  1.7406   3.265    0.28
  101.7500    3.5000  -50.00  -1.787    7.90    4.53  1.7427   3.255    0.28
  101.7500    3.2500  -50.00  -0.612    7.99    4.61  1.7349   3.288    0.28
  101.7500    3.0000  -50.00   1.233    8.14    4.73  1.7195   3.342    0.28
  101.7500    2.7500  -50.00   2.550    8.25    4.83  1.7059   3.380    0.28
  101.7500    2.5000  -50.00  -1.158    7.95    4.57  1.7387   3.273    0.28
  101.7500    2.2500  -50.00  -0.686    7.99    4.60  1.7354   3.286    0.28
  101.7500    2.0000  -50.00  -1.163    7.95    4.57  1.7388   3.273    0.28
  101.7500    1.7500  -50.00  -1.699    7.91    4.54  1.7422   3.258    0.28
  101.7500    1.5000  -50.00  -1.287    7.94    4.56  1.7396   3.269    0.28
  101.7500    1.2500  -50.00  -1.258    7.94    4.57  1.7394   3.270    0.28
  101.7500    1.0000  -50.00  -3.000    7.80    4.46  1.7491   3.221    0.27
  102.0000    4.7500  -50.00  -1.465    7.92    4.55  1.7407   3.264    0.28
  102.0000    4.5000  -50.00   0.108    8.05    4.66  1.7294   3.309    0.28
  102.0000    4.2500  -50.00  -1.043    7.96    4.58  1.7379   3.276    0.28
  102.0000    4.0000  -50.00  -0.984    7.96    4.58  1.7375   3.278    0.28
  102.0000    3.7500  -50.00  -0.183    8.03    4.64  1.7317   3.301    0.28
  102.0000    3.5000  -50.00   0.923    8.12    4.71  1.7223   3.333    0.28
  102.0000    3.2500  -50.00   1.344    8.15    4.74  1.7184   3.345    0.28
  102.0000    3.0000  -50.00  -1.125    7.95    4.57  1.7385   3.274    0.28
  102.0000    2.7500  -50.00  -0.367    8.01    4.62  1.7331   3.295    0.28
  102.0000    2.5000  -50.00   0.929    8.12    4.71  1.7223   3.333    0.28
  102.0000    2.2500  -50.00  -1.257    7.94    4.57  1.7394   3.270    0.28
  102.0000    2.0000  -50.00  -3.000    7.80    4.46  1.7491   3.221    0.27
  102.0000    1.7500  -50.00  -3.000    7.80    4.46  1.7491   3.221    0.27
  102.0000    1.5000  -50.00  -0.716    7.98    4.60  1.7357   3.285    0.28
  102.0000    1.2500  -50.00   0.309    8.07    4.67  1.7277   3.315    0.28
  102.0000    1.0000  -50.00   0.674    8.10    4.69  1.7246   3.325    0.28
  102.2500    5.0000  -50.00  -1.567    7.92    4.55  1.7414   3.261    0.28
  102.2500    4.7500  -50.00  -0.951    7.97    4.58  1.7373   3.279    0.28
  102.2500    4.5000  -50.00   0.509    8.08    4.68  1.7260   3.321    0.28
  102.2500    4.2500  -50.00  -0.052    8.04    4.64  1.7306   3.304    0.28
  102.2500    4.0000  -50.00   1.304    8.15    4.74  1.7188   3.344    0.28
  102.2500    3.7500  -50.00   1.916    8.20    4.79  1.7127   3.362    0.28
  102.2500    3.5000  -50.00   0.347    8.07    4.67  1.7274   3.316    0.28
  102.2500    3.2500  -50.00  -1.175    7.95    4.57  1.7388   3.272    0.28
  102.2500    3.0000  -50.00  -0.416    8.01    4.62  1.7335   3.294    0.28
  102.2500    2.7500  -50.00   0.517    8.08    4.68  1.7259   3.321    0.28
  102.2500    2.5000  -50.00   2.126    8.21    4.80  1.7105   3.368    0.28
  102.2500    2.2500  -50.00  -2.382    7.85    4.50  1.7461   3.238    0.28
  102.2500    2.0000  -50.00  -3.000    7.80    4.46  1.7491   3.221    0.27
  102.2500    1.7500  -50.00  -2.173    7.87    4.51  1.7449   3.244    0.28
  102.2500    1.5000  -50.00  -0.813    7.98    4.59  1.7364   3.283    0.28
  102.2500    1.2500  -50.00  -1.104    7.95    4.57  1.7384   3.274    0.28
  102.2500    1.0000  -50.00  -0.245    8.02    4.63  1.7322   3.299    0.28
  102.5000    5.0000  -50.00  -1.027    7.96    4.58  1.7378   3.277    0.28
  102.5000    4.7500  -50.00   1.159    8.13    4.73  1.7202   3.339    0.28
  102.5000    4.5000  -50.00   1.280    8.14    4.74  1.7190   3.343    0.28
  102.5000    4.2500  -50.00   1.817    8.19    4.78  1.7137   3.359    0.28
  102.5000    4.0000  -50.00   0.665    8.10    4.69  1.7246   3.325    0.28
  102.5000    3.7500  -50.00  -0.377    8.01    4.62  1.7332   3.295    0.28
  102.5000    3.5000  -50.00  -0.245    8.02    4.63  1.7322   3.299    0.28
  102.5000    3.2500  -50.00  -0.158    8.03    4.64  1.7315   3.301    0.28
  102.5000    2.5000  -50.00   1.594    8.17    4.76  1.7160   3.352    0.28
  102.5000    2.2500  -50.00  -1.435    7.93    4.55  1.7405   3.265    0.28
  102.5000    2.0000  -50.00  -3.000    7.80    4.46  1.7491   3.221    0.27
  102.5000    1.7500  -50.00  -1.795    7.90    4.53  1.7427   3.255    0.28
  102.5000    1.5000  -50.00  -2.731    7.82    4.48  1.7478   3.229    0.28
  102.5000    1.2500  -50.00  -0.259    8.02    4.63  1.7323   3.298    0.28
  102.5000    1.0000  -50.00  -2.372    7.85    4.50  1.7460   3.239    0.28
  102.7500    5.0000  -50.00   0.169    8.06    4.66  1.7289   3.311    0.28
  102.7500    4.7500  -50.00   0.756    8.10    4.70  1.7238   3.328    0.28
  102.7500    4.5000  -50.00  -0.424    8.01    4.62  1.7335   3.294    0.28
  102.7500    4.2500  -50.00  -0.817    7.98    4.59  1.7364   3.283    0.28
  102.7500    4.0000  -50.00  -0.976    7.96    4.58  1.7375   3.278    0.28
  102.7500    3.7500  -50.00  -0.760    7.98    4.60  1.7360   3.284    0.28
  102.7500    3.5000  -50.00  -0.450    8.01    4.62  1.7337   3.293    0.28
  102.7500    3.2500  -50.00   0.074    8.05    4.65  1.7296   3.308    0.28
  102.7500    3.0000  -50.00   0.254    8.06    4.67  1.7282   3.313    0.28
  102.7500    2.7500  -50.00   0.083    8.05    4.65  1.7296   3.308    0.28
  102.7500    2.5000  -50.00   0.678    8.10    4.69  1.7245   3.325    0.28
  102.7500    2.2500  -50.00  -1.296    7.94    4.56  1.7396   3.269    0.28
  102.7500    2.0000  -50.00  -0.097    8.03    4.64  1.7310   3.303    0.28
  102.7500    1.7500  -50.00   0.441    8.08    4.68  1.7266   3.319    0.28
  102.7500    1.5000  -50.00  -3.000    7.80    4.46  1.7491   3.221    0.27
  102.7500    1.2500  -50.00  -2.731    7.82    4.48  1.7478   3.229    0.28
  102.7500    1.0000  -50.00  -3.000    7.80    4.46  1.7491   3.221    0.27
  103.0000    4.7500  -50.00  -0.213    8.02    4.63  1.7319   3.300    0.28
  103.0000    4.5000  -50.00  -0.411    8.01    4.62  1.7334   3.294    0.28
  103.0000    2.7500  -50.00   1.088    8.13    4.72  1.7208   3.337    0.28
  103.0000    2.5000  -50.00   0.734    8.10    4.70  1.7240   3.327    0.28
  103.0000    2.2500  -50.00  -0.595    7.99    4.61  1.7348   3.289    0.28
  103.0000    2.0000  -50.00  -0.620    7.99    4.61  1.7350   3.288    0.28
  103.0000    1.7500  -50.00   1.047    8.13    4.72  1.7212   3.336    0.28
  103.0000    1.5000  -50.00  -0.611    7.99    4.61  1.7349   3.288    0.28
  103.0000    1.2500  -50.00  -0.346    8.01    4.62  1.7329   3.296    0.28
  103.0000    1.0000  -50.00  -2.747    7.82    4.47  1.7479   3.228    0.28
  103.2500    2.7500  -50.00  -0.354    8.01    4.62  1.7330   3.296    0.28
  103.2500    2.5000  -50.00   1.335    8.15    4.74  1.7185   3.345    0.28
  103.2500    2.2500  -50.00   1.374    8.15    4.74  1.7181   3.346    0.28
  103.2500    2.0000  -50.00   0.658    8.09    4.69  1.7247   3.325    0.28
  103.2500    1.7500  -50.00   1.539    8.17    4.76  1.7165   3.351    0.28
  103.2500    1.5000  -50.00   0.694    8.10    4.70  1.7244   3.326    0.28
  103.2500    1.2500  -50.00   2.514    8.24    4.83  1.7063   3.379    0.28
  103.2500    1.0000  -50.00  -1.041    7.96    4.58  1.7379   3.276    0.28
  103.5000    2.2500  -50.00   0.450    8.08    4.68  1.7265   3.319    0.28
  103.5000    2.0000  -50.00   0.181    8.06    4.66  1.7288   3.311    0.28
  103.5000    1.7500  -50.00   0.075    8.05    4.65  1.7296   3.308    0.28
  103.5000    1.5000  -50.00   0.269    8.06    4.67  1.7280   3.314    0.28
  103.5000    1.2500  -50.00  -0.154    8.03    4.64  1.7314   3.301    0.28
  103.5000    1.0000  -50.00   0.355    8.07    4.67  1.7273   3.316    0.28
  103.7500    2.0000  -50.00   0.117    8.05    4.66  1.7293   3.309    0.28
  103.7500    1.7500  -50.00   0.028    8.04    4.65  1.7300   3.307    0.28
  103.7500    1.5000  -50.00  -0.002    8.04    4.65  1.7302   3.306    0.28
  103.7500    1.2500  -50.00  -0.153    8.03    4.64  1.7314   3.302    0.28
  103.7500    1.0000  -50.00   0.023    8.04    4.65  1.7300   3.307    0.28
>
  100.0000    5.5000  -70.00  -0.035    8.04    4.65  1.7303   3.306    0.28
  100.0000    5.2500  -70.00   1.858    8.19    4.78  1.7130   3.361    0.28
  100.0000    5.0000  -70.00   1.017    8.13    4.72  1.7212   3.336    0.28
  100.0000    4.7500  -70.00   0.838    8.11    4.71  1.7228   3.331    0.28
  100.0000    4.5000  -70.00   0.239    8.06    4.67  1.7280   3.314    0.28
  100.0000    4.2500  -70.00   1.815    8.19    4.78  1.7134   3.360    0.28
  100.0000    4.0000  -70.00  -2.356    7.85    4.50  1.7458   3.240    0.28
  100.0000    3.7500  -70.00   3.000    8.29    4.87  1.7005   3.395    0.28
  100.0000    3.5000  -70.00   0.558    8.09    4.69  1.7253   3.323    0.28
  100.0000    3.2500  -70.00  -2.488    7.84    4.49  1.7465   3.236    0.28
  100.0000    3.0000  -70.00   1.302    8.15    4.74  1.7185   3.345    0.28
  100.0000    2.7500  -70.00   0.798    8.11    4.71  1.7232   3.330    0.28
  100.0000    2.5000  -70.00   3.000    8.29    4.87  1.7005   3.395    0.28
  100.0000    2.2500  -70.00   0.289    8.07    4.67  1.7276   3.315    0.28
  100.0000    2.0000  -70.00   2.020    8.21    4.80  1.7113   3.366    0.28
  100.0000    1.7500  -70.00  -0.374    8.01    4.62  1.7329   3.296    0.28
  100.0000    1.5000  -70.00  -0.357    8.02    4.63  1.7328   3.296    0.28
  100.0000    1.2500  -70.00  -0.188    8.03    4.64  1.7315   3.301    0.28
  100.0000    1.0000  -70.00   2.253    8.23    4.81  1.7089   3.373    0.28
  100.2500    4.7500  -70.00   1.183    8.14    4.73  1.7196   3.341    0.28
  100.2500    4.5000  -70.00  -0.699    7.99    4.60  1.7353   3.287    0.28
  100.2500    4.2500  -70.00   1.042    8.13    4.72  1.7210   3.337    0.28
  100.2500    4.0000  -70.00   3.000    8.29    4.87  1.7005   3.395    0.28
  100.2500    3.7500  -70.00   0.401    8.08    4.68  1.7267   3.318    0.28
  100.2500    3.5000  -70.00   3.000    8.29    4.87  1.7005   3.395    0.28
  100.2500    3.2500  -70.00   0.844    8.11    4.71  1.7228   3.331    0.28
  100.2500    3.0000  -70.00  -0.350    8.02    4.63  1.7327   3.297    0.28
  100.2500    2.7500  -70.00   2.821    8.27    4.86  1.7026   3.389    0.28
  100.2500    2.5000  -70.00  -0.453    8.01    4.62  1.7335   3.294    0.28
  100.2500    2.2500  -70.00   1.407    8.16    4.75  1.7175   3.348    0.28
  100.2500    2.0000  -70.00   1.132    8.14    4.73  1.7201   3.340    0.28
  100.2500    1.7500  -70.00   2.588    8.25    4.84  1.7052   3.382    0.28
  100.2500    1.5000  -70.00  -0.286    8.02    4.63  1.7322   3.299    0.28
  100.2500    1.2500  -70.00  -3.000    7.80    4.46  1.7490   3.222    0.27
  100.2500    1.0000  -70.00  -0.794    7.98    4.60  1.7360   3.284    0.28
  100.5000    4.5000  -70.00   0.425    8.08    4.68  1.7265   3.319    0.28
  100.5000    4.2500  -70.00   2.551    8.25    4.84  1.7056   3.381    0.28
  100.5000    4.0000  -70.00   1.480    8.16    4.75  1.7168   3.350    0.28
  100.5000    3.7500  -70.00   1.969    8.20    4.79  1.7119   3.364    0.28
  100.5000    3.5000  -70.00   3.000    8.29    4.87  1.7005   3.395    0.28
  100.5000    3.2500  -70.00   1.774    8.19    4.78  1.7139   3.358    0.28
  100.5000    3.0000  -70.00  -0.410    8.01    4.62  1.7332   3.295    0.28
  100.5000    2.7500  -70.00  -2.255    7.86    4.51  1.7452   3.243    0.28
  100.5000    2.5000  -70.00   2.401    8.24    4.82  1.7073   3.377    0.28
  100.5000    2.2500  -70.00   1.932    8.20    4.79  1.7122   3.363    0.28
  100.5000    2.0000  -70.00  -2.218    7.87    4.51  1.7450   3.244    0.28
  100.5000    1.7500  -70.00   3.000    8.29    4.87  1.7005   3.395    0.28
  100.5000    1.5000  -70.00   0.160    8.06    4.66  1.7287   3.311    0.28
  100.5000    1.2500  -70.00  -0.508    8.00    4.62  1.7339   3.292    0.28
  100.5000    1.0000  -70.00   2.646    8.26    4.84  1.7045   3.384    0.28
  100.7500    4.5000  -70.00  -0.971    7.97    4.59  1.7373   3.279    0.28
  100.7500    4.2500  -70.00  -0.758    7.98    4.60  1.7358   3.285    0.28
  100.7500    4.0000  -70.00  -0.655    7.99    4.61  1.7350   3.288    0.28
  100.7500    3.7500  -70.00   1.146    8.14    4.73  1.7200   3.340    0.28
  100.7500    3.5000  -70.00   0.802    8.11    4.71  1.7232   3.330    0.28
  100.7500    3.2500  -70.00   3.000    8.29    4.87  1.7005   3.395    0.28
  100.7500    3.0000  -70.00  -3.000    7.80    4.46  1.7490   3.222    0.27
  100.7500    2.7500  -70.00  -0.061    8.04    4.65  1.7305   3.305    0.28
  100.7500    2.5000  -70.00   1.130    8.14    4.73  1.7201   3.340    0.28
  100.7500    2.2500  -70.00  -0.913    7.97    4.59  1.7369   3.281    0.28
  100.7500    2.0000  -70.00  -1.477    7.93    4.55  1.7406   3.265    0.28
  100.7500    1.7500  -70.00   3.000    8.29    4.87  1.7005   3.395    0.28
  100.7500    1.5000  -70.00   1.062    8.13    4.72  1.7208   3.338    0.28
  100.7500    1.2500  -70.00   0.740    8.10    4.70  1.7237   3.328    0.28
  100.7500    1.0000  -70.00   0.687    8.10    4.70  1.7242   3.327    0.28
  101.0000    4.5000  -70.00  -1.238    7.94    4.57  1.7391   3.271    0.28
  101.0000    4.2500  -70.00  -1.158    7.95    4.57  1.7385   3.274    0.28
  101.0000    4.0000  -70.00   0.697    8.10    4.70  1.7241   3.327    0.28
  101.0000    3.7500  -70.00   0.814    8.11    4.71  1.7231   3.330    0.28
  101.0000    3.5000  -70.00   3.000    8.29    4.87  1.7005   3.395    0.28
  101.0000    3.2500  -70.00  -0.033    8.04    4.65  1.7303   3.306    0.28
  101.0000    3.0000  -70.00  -2.291    7.86    4.50  1.7454   3.242    0.28
  101.0000    2.7500  -70.00   1.332    8.15    4.74  1.7182   3.345    0.28
  101.0000    2.5000  -70.00  -0.097    8.04    4.64  1.7308   3.304    0.28
  101.0000    2.2500  -70.00  -0.105    8.04    4.64  1.7308   3.304    0.28
  101.0000    2.0000  -70.00  -1.479    7.93    4.55  1.7406   3.265    0.28
  101.0000    1.7500  -70.00   0.095    8.05    4.66  1.7292   3.309    0.28
  101.0000    1.5000  -70.00   1.790    8.19    4.78  1.7137   3.359    0.28
  101.0000    1.2500  -70.00  -0.884    7.97    4.59  1.7366   3.281    0.28
  101.0000    1.0000  -70.00   2.046    8.21    4.80  1.7110   3.366    0.28
  101.2500    4.5000  -70.00  -1.661    7.91    4.54  1.7418   3.259    0.28
  101.2500    4.2500  -70.00  -1.306    7.94    4.56  1.7395   3.269    0.28
  101.2500    4.0000  -70.00  -1.136    7.95    4.57  1.7384   3.274    0.28
  101.2500    3.7500  -70.00   2.987    8.28    4.87  1.7006   3.394    0.28
  101.2500    3.5000  -70.00  -0.425    8.01    4.62  1.7333   3.295    0.28
  101.2500    3.2500  -70.00  -0.664    7.99    4.61  1.7351   3.288    0.28
  101.2500    3.0000  -70.00   1.842    8.19    4.78  1.7132   3.360    0.28
  101.2500    2.7500  -70.00   2.488    8.24    4.83  1.7063   3.380    0.28
  101.2500    2.5000  -70.00   3.000    8.29    4.87  1.7005   3.395    0.28
  101.2500    2.2500  -70.00   3.000    8.29    4.87  1.7005   3.395    0.28
  101.2500    2.0000  -70.00  -0.471    8.01    4.62  1.7337   3.293    0.28
  101.2500    1.7500  -70.00  -1.966    7.89    4.52  1.7436   3.251    0.28
  101.2500    1.5000  -70.00   0.355    8.07    4.67  1.7271   3.317    0.28
  101.2500    1.2500  -70.00   0.413    8.08    4.68  1.7266   3.319    0.28
  101.2500    1.0000  -70.00   0.419    8.08    4.68  1.7265   3.319    0.28
  101.5000    4.5000  -70.00  -1.214    7.95    4.57  1.7389   3.272    0.28
  101.5000    4.2500  -70.00  -0.882    7.97    4.59  1.7366   3.282    0.28
  101.5000    4.0000  -70.00   1.782    8.19    4.78  1.7138   3.359    0.28
  101.5000    3.7500  -70.00  -0.232    8.03    4.63  1.7318   3.300    0.28
  101.5000    3.5000  -70.00  -1.243    7.94    4.57  1.7391   3.271    0.28
  101.5000    3.2500  -70.00   1.810    8.19    4.78  1.7135   3.359    0.28
  101.5000    3.0000  -70.00   1.871    8.19    4.78  1.7129   3.361    0.28
  101.5000    2.7500  -70.00  -0.100    8.04    4.64  1.7308   3.304    0.28
  101.5000    2.5000  -70.00   1.657    8.18    4.77  1.7150   3.355    0.28
  101.5000    2.2500  -70.00  -1.382    7.93    4.56  1.7400   3.267    0.28
  101.5000    2.0000  -70.00  -3.000    7.80    4.46  1.7490   3.222    0.27
  101.5000    1.7500  -70.00  -3.000    7.80    4.46  1.7490   3.222    0.27
  101.5000    1.5000  -70.00  -1.099    7.96    4.58  1.7381   3.275    0.28
  101.5000    1.2500  -70.00   1.584    8.17    4.76  1.7158   3.353    0.28
  101.5000    1.0000  -70.00  -0.153    8.03    4.64  1.7312   3.302    0.28
  101.7500    4.7500  -70.00  -1.215    7.95    4.57  1.7389   3.272    0.28
  101.7500    4.5000  -70.00  -0.901    7.97    4.59  1.7368   3.281    0.28
  101.7500    4.2500  -70.00   1.720    8.18    4.77  1.7144   3.357    0.28
  101.7500    4.0000  -70.00   0.907    8.12    4.71  1.7222   3.333    0.28
  101.7500    3.7500  -70.00  -0.177    8.03    4.64  1.7314   3.302    0.28
  101.7500    3.5000  -70.00   1.577    8.17    4.76  1.7158   3.353    0.28
  101.7500    3.2500  -70.00   1.816    8.19    4.78  1.7134   3.360    0.28
  101.7500    3.0000  -70.00   2.286    8.23    4.82  1.7085   3.374    0.28
  101.7500    2.7500  -70.00  -0.505    8.00    4.62  1.7339   3.292    0.28
  101.7500    2.5000  -70.00  -1.391    7.93    4.56  1.7401   3.267    0.28
  101.7500    2.2500  -70.00  -3.000    7.80    4.46  1.7490   3.222    0.27
  101.7500    2.0000  -70.00  -3.000    7.80    4.46  1.7490   3.222    0.27
  101.7500    1.7500  -70.00  -0.965    7.97    4.59  1.7372   3.279    0.28
  101.7500    1.5000  -70.00   0.097    8.05    4.66  1.7292   3.310    0.28
  101.7500    1.2500  -70.00  -0.272    8.02    4.63  1.7321   3.299    0.28
  101.7500    1.0000  -70.00   2.636    8.26    4.84  1.7047   3.384    0.28
  102.0000    5.0000  -70.00   0.949    8.12    4.72  1.7218   3.334    0.28
  102.0000    4.7500  -70.00   0.083    8.05    4.66  1.7293   3.309    0.28
  102.0000    4.5000  -70.00   0.499    8.08    4.68  1.7258   3.321    0.28
  102.0000    4.2500  -70.00   1.162    8.14    4.73  1.7198   3.340    0.28
  102.0000    4.0000  -70.00   1.168    8.14    4.73  1.7198   3.341    0.28
  102.0000    3.7500  -70.00   2.102    8.21    4.80  1.7105   3.368    0.28
  102.0000    3.5000  -70.00   1.256    8.15    4.74  1.7190   3.343    0.28
  102.0000    3.2500  -70.00   0.688    8.10    4.70  1.7242   3.327    0.28
  102.0000    3.0000  -70.00   0.449    8.08    4.68  1.7263   3.320    0.28
  102.0000    2.7500  -70.00  -0.737    7.98    4.60  1.7356   3.286    0.28
  102.0000    2.5000  -70.00  -2.718    7.83    4.48  1.7476   3.230    0.28
  102.0000    2.2500  -70.00  -1.223    7.95    4.57  1.7390   3.272    0.28
  102.0000    2.0000  -70.00   0.168    8.06    4.66  1.7286   3.312    0.28
  102.0000    1.7500  -70.00   1.334    8.15    4.74  1.7182   3.345    0.28
  102.0000    1.5000  -70.00   2.437    8.24    4.83  1.7069   3.378    0.28
  102.0000    1.2500  -70.00  -3.000    7.80    4.46  1.7490   3.222    0.27
  102.0000    1.0000  -70.00  -0.897    7.97    4.59  1.7367   3.281    0.28
  102.2500    4.7500  -70.00  -0.340    8.02    4.63  1.7327   3.297    0.28
  102.2500    4.5000  -70.00   1.860    8.19    4.78  1.7130   3.361    0.28
  102.2500    4.2500  -70.00   1.924    8.20    4.79  1.7123   3.363    0.28
  102.2500    4.0000  -70.00   1.677    8.18    4.77  1.7148   3.356    0.28
  102.2500    3.7500  -70.00   0.915    8.12    4.71  1.7221   3.333    0.28
  102.2500    3.5000  -70.00  -0.256    8.02    4.63  1.7320   3.299    0.28
  102.2500    3.2500  -70.00  -0.898    7.97    4.59  1.7367   3.281    0.28
  102.2500    3.0000  -70.00  -0.504    8.00    4.62  1.7339   3.292    0.28
  102.2500    2.7500  -70.00   0.406    8.08    4.68  1.7266   3.318    0.28
  102.2500    2.5000  -70.00  -1.876    7.89    4.53  1.7431   3.253    0.28
  102.2500    2.2500  -70.00  -0.960    7.97    4.59  1.7372   3.279    0.28
  102.2500    2.0000  -70.00   0.554    8.09    4.69  1.7254   3.323    0.28
  102.2500    1.7500  -70.00   2.314    8.23    4.82  1.7082   3.374    0.28
  102.2500    1.5000  -70.00   1.014    8.13    4.72  1.7212   3.336    0.28
  102.2500    1.2500  -70.00   0.207    8.06    4.66  1.7283   3.313    0.28
  102.2500    1.0000  -70.00  -0.138    8.03    4.64  1.7311   3.303    0.28
  102.5000    4.7500  -70.00  -0.126    8.03    4.64  1.7310   3.303    0.28
  102.5000    4.5000  -70.00  -0.278    8.02    4.63  1.7322   3.299    0.28
  102.5000    4.2500  -70.00  -0.116    8.03    4.64  1.7309   3.303    0.28
  102.5000    4.0000  -70.00   0.536    8.09    4.69  1.7255   3.322    0.28
  102.5000    3.7500  -70.00   0.342    8.07    4.67  1.7272   3.317    0.28
  102.5000    3.5000  -70.00   0.126    8.05    4.66  1.7290   3.310    0.28
  102.5000    3.2500  -70.00  -0.115    8.03    4.64  1.7309   3.303    0.28
  102.5000    2.5000  -70.00  -1.093    7.96    4.58  1.7381   3.275    0.28
  102.5000    2.2500  -70.00  -1.082    7.96    4.58  1.7380   3.276    0.28
  102.5000    2.0000  -70.00   0.731    8.10    4.70  1.7238   3.328    0.28
  102.5000    1.7500  -70.00   3.000    8.29    4.87  1.7005   3.395    0.28
  102.5000    1.5000  -70.00   0.108    8.05    4.66  1.7291   3.310    0.28
  102.5000    1.2500  -70.00   3.000    8.29    4.87  1.7005   3.395    0.28
  102.5000    1.0000  -70.00   0.311    8.07    4.67  1.7274   3.316    0.28
  102.7500    4.5000  -70.00   0.054    8.05    4.65  1.7296   3.308    0.28
  102.7500    4.2500  -70.00  -0.576    8.00    4.61  1.7344   3.290    0.28
  102.7500    4.0000  -70.00  -1.345    7.94    4.56  1.7398   3.268    0.28
  102.7500    3.7500  -70.00  -0.637    7.99    4.61  1.7349   3.288    0.28
  102.7500    3.5000  -70.00   0.992    8.12    4.72  1.7214   3.335    0.28
  102.7500    3.2500  -70.00   1.238    8.14    4.74  1.7191   3.343    0.28
  102.7500    3.0000  -70.00   0.454    8.08    4.68  1.7262   3.320    0.28
  102.7500    2.2500  -70.00  -0.273    8.02    4.63  1.7322   3.299    0.28
  102.7500    2.0000  -70.00  -0.022    8.04    4.65  1.7302   3.306    0.28
  102.7500    1.7500  -70.00   2.009    8.21    4.79  1.7114   3.365    0.28
  102.7500    1.5000  -70.00   0.828    8.11    4.71  1.7229   3.331    0.28
  102.7500    1.2500  -70.00   1.875    8.19    4.78  1.7128   3.361    0.28
  102.7500    1.0000  -70.00   3.000    8.29    4.87  1.7005   3.395    0.28
  103.0000    2.2500  -70.00   0.021    8.05    4.65  1.7298   3.307    0.28
  103.0000    2.0000  -70.00   0.156    8.06    4.66  1.7287   3.311    0.28
  103.0000    1.7500  -70.00   0.718    8.10    4.70  1.7239   3.327    0.28
  103.0000    1.5000  -70.00   0.306    8.07    4.67  1.7275   3.316    0.28
  103.0000    1.2500  -70.00   1.144    8.14    4.73  1.7200   3.340    0.28
  103.0000    1.0000  -70.00   3.000    8.29    4.87  1.7005   3.395    0.28
  103.2500    1.7500  -70.00   0.005    8.04    4.65  1.7299   3.307    0.28
  103.2500    1.5000  -70.00  -0.058    8.04    4.65  1.7305   3.305    0.28
  103.2500    1.2500  -70.00   0.504    8.08    4.68  1.7258   3.321    0.28
  103.2500    1.0000  -70.00   0.780    8.11    4.70  1.7234   3.329    0.28
  103.5000    1.0000  -70.00  -0.241    8.02    4.63  1.7319   3.300    0.28
>
